   0.0000000e+00   0.0000000e+00   0.0000000e+00   0.0000000e+00   0.0000000e+00
   0.0000000e+00   0.0000000e+00   0.0000000e+00   1.0839773e-01   0.0000000e+00
   2.7700884e-03   3.0145291e-04   0.0000000e+00   2.0333751e-01   0.0000000e+00
   4.7168410e-03   7.0284809e-04   0.0000000e+00   3.1670708e-01   0.0000000e+00
   6.2234539e-03   1.1966237e-03   0.0000000e+00   3.8039294e-01   0.0000000e+00
   6.5278076e-03   1.3183251e-03   0.0000000e+00   4.5363063e-01   0.0000000e+00
   6.1694371e-03   1.1436049e-03   0.0000000e+00   5.9759026e-01   0.0000000e+00
   6.6432195e-03   1.4660635e-03   0.0000000e+00   6.9339452e-01   0.0000000e+00
   6.9078018e-03   1.6859470e-03   0.0000000e+00   7.2843632e-01   0.0000000e+00
   3.0972803e-02   2.3154466e-02   0.0000000e+00   7.1290658e-01   0.0000000e+00
   5.4436750e-02   4.3441284e-02   0.0000000e+00   7.1636747e-01   0.0000000e+00
   7.7487367e-02   6.3510567e-02   0.0000000e+00   6.9251359e-01   0.0000000e+00
   1.0044072e-01   8.2551996e-02   0.0000000e+00   6.9761037e-01   0.0000000e+00
   1.2332960e-01   1.0173772e-01   0.0000000e+00   7.1683233e-01   0.0000000e+00
   1.4602430e-01   1.2151567e-01   0.0000000e+00   7.0880323e-01   0.0000000e+00
   1.6860106e-01   1.4087411e-01   0.0000000e+00   7.2422330e-01   0.0000000e+00
   1.9120742e-01   1.6087097e-01   0.0000000e+00   7.6005086e-01   0.0000000e+00
   2.0975760e-01   1.7850381e-01   0.0000000e+00   6.8461751e-01   0.0000000e+00
   2.1583423e-01   1.8346433e-01   0.0000000e+00   5.9205351e-01   0.0000000e+00
   2.1863589e-01   1.8534855e-01   0.0000000e+00   4.7634203e-01   0.0000000e+00
   2.3970586e-01   1.9622002e-01   0.0000000e+00   4.6833292e-01   0.0000000e+00
   2.6335218e-01   2.0818199e-01   0.0000000e+00   4.7339525e-01   0.0000000e+00
   2.8856923e-01   2.2109929e-01   0.0000000e+00   4.7447011e-01   0.0000000e+00
   3.1474341e-01   2.3454241e-01   0.0000000e+00   4.9257183e-01   0.0000000e+00
   3.4167276e-01   2.4899530e-01   0.0000000e+00   4.9184155e-01   0.0000000e+00
   3.6882525e-01   2.6354240e-01   0.0000000e+00   4.9145291e-01   0.0000000e+00
   3.9598492e-01   2.7807977e-01   0.0000000e+00   4.7496950e-01   0.0000000e+00
   4.2303725e-01   2.9199099e-01   0.0000000e+00   4.5350969e-01   0.0000000e+00
   4.5000927e-01   3.0513691e-01   0.0000000e+00   4.6165591e-01   0.0000000e+00
   4.7724839e-01   3.1868873e-01   0.0000000e+00   4.7989762e-01   0.0000000e+00
   5.0460760e-01   3.3292867e-01   0.0000000e+00   4.7917607e-01   0.0000000e+00
   5.3188477e-01   3.4710090e-01   0.0000000e+00   4.9150897e-01   0.0000000e+00
   5.5908186e-01   3.6166027e-01   0.0000000e+00   4.8791233e-01   0.0000000e+00
   5.8608011e-01   3.7598849e-01   0.0000000e+00   4.4392266e-01   0.0000000e+00
   6.1282942e-01   3.8870997e-01   0.0000000e+00   4.5400084e-01   0.0000000e+00
   6.3984676e-01   4.0189441e-01   0.0000000e+00   4.0718610e-01   0.0000000e+00
   6.6641786e-01   4.1335425e-01   0.0000000e+00   4.3074554e-01   0.0000000e+00
   6.9355737e-01   4.2582550e-01   0.0000000e+00   3.7948828e-01   0.0000000e+00
   7.2021290e-01   4.3645625e-01   0.0000000e+00   3.7350135e-01   0.0000000e+00
   7.4597573e-01   4.4655261e-01   0.0000000e+00   3.6113069e-01   0.0000000e+00
   7.7063705e-01   4.5586705e-01   0.0000000e+00   3.2007632e-01   0.0000000e+00
   7.9344053e-01   4.6342582e-01   0.0000000e+00   3.0445250e-01   0.0000000e+00
   8.1515071e-01   4.7024762e-01   0.0000000e+00   2.7200356e-01   0.0000000e+00
   8.3578221e-01   4.7600209e-01   0.0000000e+00   2.5212083e-01   0.0000000e+00
   8.5651185e-01   4.8134209e-01   0.0000000e+00   2.5777714e-01   0.0000000e+00
   8.7746069e-01   4.8686510e-01   0.0000000e+00   2.0540026e-01   0.0000000e+00
   8.9660925e-01   4.9085448e-01   0.0000000e+00   1.7293066e-01   0.0000000e+00
   9.1520770e-01   4.9410317e-01   0.0000000e+00   1.2117684e-01   0.0000000e+00
   9.3378145e-01   4.9636496e-01   0.0000000e+00   5.7584456e-02   0.0000000e+00
   9.5310395e-01   4.9747887e-01   0.0000000e+00  -3.6015786e-03   0.0000000e+00
   9.7423397e-01   4.9740276e-01   0.0000000e+00  -4.9378573e-02   0.0000000e+00
   9.9405734e-01   4.9642312e-01   0.0000000e+00  -2.0638748e-02   0.0000000e+00
   1.0122958e+00   4.9604665e-01   0.0000000e+00   4.2258938e-02   0.0000000e+00
   1.0286277e+00   4.9673723e-01   0.0000000e+00   1.0771675e-01   0.0000000e+00
   1.0428828e+00   4.9827871e-01   0.0000000e+00   1.2455957e-01   0.0000000e+00
   1.0546716e+00   4.9975476e-01   0.0000000e+00   1.2143894e-01   0.0000000e+00
   1.0648350e+00   5.0099509e-01   0.0000000e+00   1.1961258e-01   0.0000000e+00
   1.0745737e+00   5.0216554e-01   0.0000000e+00   9.3538373e-02   0.0000000e+00
   1.0840829e+00   5.0305763e-01   0.0000000e+00   2.7469110e-02   0.0000000e+00
   1.0931988e+00   5.0330809e-01   0.0000000e+00  -7.2356429e-03   0.0000000e+00
   1.1029584e+00   5.0323748e-01   0.0000000e+00  -8.3338605e-02   0.0000000e+00
   1.1121905e+00   5.0246630e-01   0.0000000e+00  -1.0108603e-01   0.0000000e+00
   1.1222228e+00   5.0144870e-01   0.0000000e+00  -1.3678656e-01   0.0000000e+00
   1.1316234e+00   5.0015475e-01   0.0000000e+00  -1.1725969e-01   0.0000000e+00
   1.1413669e+00   4.9900696e-01   0.0000000e+00  -1.0919914e-01   0.0000000e+00
   1.1504347e+00   4.9801281e-01   0.0000000e+00  -6.7749469e-02   0.0000000e+00
   1.1594629e+00   4.9740022e-01   0.0000000e+00   2.9946148e-03   0.0000000e+00
   1.1690822e+00   4.9742902e-01   0.0000000e+00   5.4120141e-02   0.0000000e+00
   1.1789195e+00   4.9796194e-01   0.0000000e+00   7.5678378e-02   0.0000000e+00
   1.1886471e+00   4.9869951e-01   0.0000000e+00   7.1269216e-02   0.0000000e+00
   1.1982621e+00   4.9938593e-01   0.0000000e+00   3.9977002e-02   0.0000000e+00
   1.2076540e+00   4.9976159e-01   0.0000000e+00  -3.6279370e-02   0.0000000e+00
   1.2159101e+00   4.9946193e-01   0.0000000e+00  -1.2853207e-02   0.0000000e+00
   1.2257791e+00   4.9933507e-01   0.0000000e+00  -2.1925581e-02   0.0000000e+00
   1.2357182e+00   4.9911712e-01   0.0000000e+00  -1.4401250e-02   0.0000000e+00
   1.2458917e+00   4.9897060e-01   0.0000000e+00   4.9488142e-03   0.0000000e+00
   1.2562841e+00   4.9902203e-01   0.0000000e+00   2.2885803e-02   0.0000000e+00
   1.2666876e+00   4.9926016e-01   0.0000000e+00   5.0192194e-02   0.0000000e+00
   1.2774111e+00   4.9979885e-01   0.0000000e+00   7.6250806e-02   0.0000000e+00
   1.2884322e+00   5.0064085e-01   0.0000000e+00   5.8301837e-02   0.0000000e+00
   1.2988653e+00   5.0124981e-01   0.0000000e+00   6.8506112e-02   0.0000000e+00
   1.3098825e+00   5.0200573e-01   0.0000000e+00   5.2106148e-02   0.0000000e+00
   1.3208080e+00   5.0257554e-01   0.0000000e+00  -8.9219095e-03   0.0000000e+00
   1.3309005e+00   5.0248549e-01   0.0000000e+00  -2.5520037e-02   0.0000000e+00
   1.3413337e+00   5.0221918e-01   0.0000000e+00  -2.0631329e-02   0.0000000e+00
   1.3523913e+00   5.0199101e-01   0.0000000e+00  -6.4228586e-02   0.0000000e+00
   1.3624902e+00   5.0134148e-01   0.0000000e+00  -8.0088105e-02   0.0000000e+00
   1.3723179e+00   5.0055271e-01   0.0000000e+00  -9.9378556e-02   0.0000000e+00
   1.3814620e+00   4.9964098e-01   0.0000000e+00  -7.7914437e-02   0.0000000e+00
   1.3908985e+00   4.9890425e-01   0.0000000e+00  -6.7495135e-02   0.0000000e+00
   1.3999475e+00   4.9829256e-01   0.0000000e+00  -3.8194900e-02   0.0000000e+00
   1.4091205e+00   4.9794203e-01   0.0000000e+00   8.9673990e-03   0.0000000e+00
   1.4187974e+00   4.9802880e-01   0.0000000e+00   5.7760276e-02   0.0000000e+00
   1.4289063e+00   4.9861335e-01   0.0000000e+00   6.5826734e-02   0.0000000e+00
   1.4387640e+00   4.9926319e-01   0.0000000e+00   4.0089254e-02   0.0000000e+00
   1.4480773e+00   4.9963675e-01   0.0000000e+00   4.2914296e-02   0.0000000e+00
   1.4579646e+00   5.0006132e-01   0.0000000e+00   3.3392343e-02   0.0000000e+00
   1.4681008e+00   5.0039991e-01   0.0000000e+00   2.8227803e-02   0.0000000e+00
   1.4786102e+00   5.0069665e-01   0.0000000e+00  -8.2478647e-03   0.0000000e+00
   1.4885707e+00   5.0061450e-01   0.0000000e+00  -6.2002677e-03   0.0000000e+00
   1.4989881e+00   5.0054991e-01   0.0000000e+00  -3.8162270e-02   0.0000000e+00
   1.5088056e+00   5.0017507e-01   0.0000000e+00  -5.1541548e-02   0.0000000e+00
   1.5187454e+00   4.9966230e-01   0.0000000e+00   1.6768884e-03   0.0000000e+00
   1.5300050e+00   4.9968118e-01   0.0000000e+00   1.8373944e-02   0.0000000e+00
   1.5411532e+00   4.9988604e-01   0.0000000e+00   2.8821413e-02   0.0000000e+00
   1.5521913e+00   5.0020426e-01   0.0000000e+00   4.6015193e-02   0.0000000e+00
   1.5632581e+00   5.0071386e-01   0.0000000e+00   7.3466270e-02   0.0000000e+00
   1.5747348e+00   5.0155853e-01   0.0000000e+00   3.1197531e-02   0.0000000e+00
   1.5850127e+00   5.0187928e-01   0.0000000e+00  -1.8469490e-02   0.0000000e+00
   1.5944724e+00   5.0170454e-01   0.0000000e+00  -6.3789635e-02   0.0000000e+00
   1.6034714e+00   5.0112972e-01   0.0000000e+00  -1.0174365e-01   0.0000000e+00
   1.6119711e+00   5.0026194e-01   0.0000000e+00  -8.5279388e-02   0.0000000e+00
   1.6212555e+00   4.9946824e-01   0.0000000e+00  -8.9774336e-02   0.0000000e+00
   1.6301659e+00   4.9866616e-01   0.0000000e+00  -5.6017364e-02   0.0000000e+00
   1.6394657e+00   4.9814467e-01   0.0000000e+00  -3.8827596e-02   0.0000000e+00
   1.6485129e+00   4.9779321e-01   0.0000000e+00  -6.9344452e-03   0.0000000e+00
   1.6575719e+00   4.9773039e-01   0.0000000e+00   2.1903715e-02   0.0000000e+00
   1.6668625e+00   4.9793392e-01   0.0000000e+00   8.2430253e-02   0.0000000e+00
   1.6772009e+00   4.9878805e-01   0.0000000e+00   1.0556316e-01   0.0000000e+00
   1.6877315e+00   4.9990384e-01   0.0000000e+00   1.3846526e-01   0.0000000e+00
   1.6991676e+00   5.0149754e-01   0.0000000e+00   1.0011942e-01   0.0000000e+00
   1.7100958e+00   5.0259534e-01   0.0000000e+00   4.1510139e-02   0.0000000e+00
   1.7206313e+00   5.0303292e-01   0.0000000e+00   2.7427386e-03   0.0000000e+00
   1.7312855e+00   5.0306215e-01   0.0000000e+00  -6.9088421e-02   0.0000000e+00
   1.7411604e+00   5.0237881e-01   0.0000000e+00  -8.3906906e-02   0.0000000e+00
   1.7513849e+00   5.0151889e-01   0.0000000e+00  -5.5600167e-02   0.0000000e+00
   1.7625034e+00   5.0090006e-01   0.0000000e+00  -7.6849276e-02   0.0000000e+00
   1.7725186e+00   5.0012888e-01   0.0000000e+00  -8.1491151e-02   0.0000000e+00
   1.7819719e+00   4.9935681e-01   0.0000000e+00  -1.0367980e-01   0.0000000e+00
   1.7904008e+00   4.9847976e-01   0.0000000e+00  -4.6926278e-02   0.0000000e+00
   1.7997190e+00   4.9804217e-01   0.0000000e+00  -2.8255649e-02   0.0000000e+00
   1.8087069e+00   4.9778815e-01   0.0000000e+00   2.5695690e-02   0.0000000e+00
   1.8184578e+00   4.9803876e-01   0.0000000e+00   6.0746720e-02   0.0000000e+00
   1.8285077e+00   4.9865001e-01   0.0000000e+00   1.1574177e-01   0.0000000e+00
   1.8394344e+00   4.9992036e-01   0.0000000e+00   1.3360333e-01   0.0000000e+00
   1.8506074e+00   5.0142206e-01   0.0000000e+00   1.2836555e-01   0.0000000e+00
   1.8619836e+00   5.0289044e-01   0.0000000e+00   6.6044900e-02   0.0000000e+00
   1.8727188e+00   5.0360048e-01   0.0000000e+00   1.4305870e-02   0.0000000e+00
   1.8833617e+00   5.0375275e-01   0.0000000e+00  -5.3657812e-02   0.0000000e+00
   1.8935520e+00   5.0320543e-01   0.0000000e+00  -1.2636689e-01   0.0000000e+00
   1.9028867e+00   5.0201951e-01   0.0000000e+00  -1.4835743e-01   0.0000000e+00
   1.9122036e+00   5.0062705e-01   0.0000000e+00  -1.6071810e-01   0.0000000e+00
   1.9211050e+00   4.9918400e-01   0.0000000e+00  -1.4412944e-01   0.0000000e+00
   1.9297565e+00   4.9792835e-01   0.0000000e+00  -1.1302646e-01   0.0000000e+00
   1.9382627e+00   4.9696281e-01   0.0000000e+00  -4.1728609e-02   0.0000000e+00
   1.9473362e+00   4.9658396e-01   0.0000000e+00   2.9054186e-02   0.0000000e+00
   1.9568228e+00   4.9685967e-01   0.0000000e+00   8.5585412e-02   0.0000000e+00
   1.9667186e+00   4.9770868e-01   0.0000000e+00   1.1858260e-01   0.0000000e+00
   1.9769769e+00   4.9893086e-01   0.0000000e+00   1.2949023e-01   0.0000000e+00
   1.9875986e+00   5.0031402e-01   0.0000000e+00   1.0139561e-01   0.0000000e+00
   1.9981690e+00   5.0138949e-01   0.0000000e+00   6.6086589e-02   0.0000000e+00
   1.9985019e+00   5.0141153e-01   0.0000000e+00  -4.4657622e-02   2.9009713e-02
   1.9986745e+00   5.0140382e-01   5.0134414e-06  -1.7586772e-01   9.5741122e-02
   1.9983124e+00   5.0146817e-01  -3.0307808e-05  -2.6995420e-01   1.7869194e-01
   1.9982957e+00   5.0147279e-01  -3.3437077e-05  -3.0589977e-01   2.6497193e-01
   1.9998043e+00   5.0099636e-01   3.9585035e-04  -4.0765796e-01   3.4728312e-01
   2.0007584e+00   5.0058431e-01   7.7203315e-04  -5.0333087e-01   4.2188692e-01
   2.0016117e+00   5.0011450e-01   1.2092071e-03  -6.0172119e-01   4.8724930e-01
   2.0022676e+00   4.9966405e-01   1.6308423e-03  -7.1617822e-01   5.4314914e-01
   2.0027116e+00   4.9927767e-01   1.9861616e-03  -8.7813029e-01   5.9010074e-01
   2.0022821e+00   4.9979529e-01   1.5357014e-03  -9.6534970e-01   6.2898748e-01
   2.0022098e+00   4.9989969e-01   1.4433195e-03  -1.0689688e+00   6.6083588e-01
   2.0021174e+00   5.0006817e-01   1.2939183e-03  -1.1914576e+00   6.8668216e-01
   2.0019446e+00   5.0050151e-01   9.1148831e-04  -1.2935484e+00   7.0749816e-01
   2.0021743e+00   4.9969436e-01   1.6291579e-03  -1.4190913e+00   7.2415517e-01
   2.0031839e+00   4.9309030e-01   7.5379589e-03  -1.5040848e+00   7.3741074e-01
   2.0040569e+00   4.8002424e-01   1.9433005e-02  -1.4717879e+00   7.4790912e-01
   2.0059943e+00   4.6051991e-01   3.7616196e-02  -1.4193006e+00   7.5618908e-01
   2.0092211e+00   4.3938382e-01   5.7783252e-02  -1.4078106e+00   7.6269535e-01
   2.0127674e+00   4.1781841e-01   7.8667828e-02  -1.4136430e+00   7.6779113e-01
   2.0161889e+00   3.9622613e-01   9.9772916e-02  -1.4032213e+00   7.7177051e-01
   2.0197607e+00   3.7511141e-01   1.2061176e-01  -1.4336798e+00   7.7486988e-01
   2.0224245e+00   3.5580574e-01   1.3969424e-01  -1.4405624e+00   7.7727809e-01
   2.0248673e+00   3.3715478e-01   1.5820147e-01  -1.4506608e+00   7.7914521e-01
   2.0271076e+00   3.1859717e-01   1.7666149e-01  -1.4548483e+00   7.8058995e-01
   2.0292825e+00   2.9992344e-01   1.9528152e-01  -1.5008398e+00   7.8170584e-01
   2.0305467e+00   2.8188133e-01   2.1323480e-01  -1.5643874e+00   7.8256628e-01
   2.0306586e+00   2.6442531e-01   2.3059259e-01  -1.5955312e+00   7.8322873e-01
   2.0302118e+00   2.4636580e-01   2.4857941e-01  -1.5999277e+00   7.8373803e-01
   2.0296453e+00   2.2692286e-01   2.6796613e-01  -1.6076507e+00   7.8412905e-01
   2.0288945e+00   2.0656051e-01   2.8829066e-01  -1.6249509e+00   7.8442891e-01
   2.0277871e+00   1.8613182e-01   3.0870973e-01  -1.6176010e+00   7.8465858e-01
   2.0268216e+00   1.6551831e-01   3.2931533e-01  -1.6289196e+00   7.8483431e-01
   2.0256483e+00   1.4535514e-01   3.4948984e-01  -1.6514056e+00   7.8496863e-01
   2.0240867e+00   1.2602431e-01   3.6886700e-01  -1.6486227e+00   7.8507120e-01
   2.0225911e+00   1.0684698e-01   3.8808997e-01  -1.7134737e+00   7.8514945e-01
   2.0200313e+00   8.9027537e-02   4.0608339e-01  -1.7721209e+00   7.8520911e-01
   2.0165460e+00   7.1950317e-02   4.2350605e-01  -1.7385222e+00   7.8525455e-01
   2.0136328e+00   5.4744413e-02   4.4095183e-01  -1.7118180e+00   7.8528913e-01
   2.0112982e+00   3.8299223e-02   4.5755829e-01  -1.6928134e+00   7.8531544e-01
   2.0094303e+00   2.3067268e-02   4.7290180e-01  -1.6856815e+00   7.8533543e-01
   2.0078308e+00   9.2057192e-03   4.8685358e-01  -1.7089840e+00   7.8535062e-01
   2.0061330e+00  -3.0023998e-03   4.9917802e-01  -1.6743613e+00   7.8536215e-01
   2.0048806e+00  -1.5051332e-02   5.1129099e-01  -1.6561381e+00   7.8537089e-01
   2.0038884e+00  -2.6650160e-02   5.2293155e-01  -1.6485004e+00   7.8537752e-01
   2.0030220e+00  -3.7776933e-02   5.3409154e-01  -1.6201822e+00   7.8538255e-01
   2.0024760e+00  -4.8824769e-02   5.4515252e-01  -1.6386784e+00   7.8538636e-01
   2.0017839e+00  -5.9004351e-02   5.5535536e-01  -1.6334363e+00   7.8538924e-01
   2.0011492e+00  -6.9122894e-02   5.6549360e-01  -1.6872101e+00   7.8539142e-01
   2.0000932e+00  -7.8153317e-02   5.7458544e-01  -1.6580754e+00   7.8539307e-01
   1.9992461e+00  -8.7834795e-02   5.8430381e-01  -1.6740180e+00   7.8539432e-01
   1.9982898e+00  -9.7065835e-02   5.9358418e-01  -1.6779016e+00   7.8539526e-01
   1.9973082e+00  -1.0619617e-01   6.0276708e-01  -1.6637505e+00   7.8539597e-01
   1.9964411e+00  -1.1549731e-01   6.1210851e-01  -1.6306143e+00   7.8539651e-01
   1.9958518e+00  -1.2533710e-01   6.2196589e-01  -1.6307652e+00   7.8539692e-01
   1.9952768e+00  -1.3491277e-01   6.3155879e-01  -1.6608658e+00   7.8539723e-01
   1.9944615e+00  -1.4394043e-01   6.4062317e-01  -1.6294311e+00   7.8539746e-01
   1.9938915e+00  -1.5365016e-01   6.5034960e-01  -1.6083425e+00   7.8539763e-01
   1.9935187e+00  -1.6357636e-01   6.6028280e-01  -1.5613795e+00   7.8539776e-01
   1.9936179e+00  -1.7411249e-01   6.7081938e-01  -1.5718767e+00   7.8539786e-01
   1.9936070e+00  -1.8424143e-01   6.8094832e-01  -1.5518412e+00   7.8539794e-01
   1.9938044e+00  -1.9465421e-01   6.9136297e-01  -1.5580955e+00   7.8539799e-01
   1.9939351e+00  -2.0494610e-01   7.0165568e-01  -1.5666333e+00   7.8539803e-01
   1.9939774e+00  -2.1511821e-01   7.1182788e-01  -1.5933145e+00   7.8539807e-01
   1.9937542e+00  -2.2502781e-01   7.2173999e-01  -1.6470921e+00   7.8539809e-01
   1.9930477e+00  -2.3427044e-01   7.3100958e-01  -1.6661615e+00   7.8539811e-01
   1.9921631e+00  -2.4351821e-01   7.4029957e-01  -1.6409250e+00   7.8539812e-01
   1.9914738e+00  -2.5333058e-01   7.5013612e-01  -1.6042207e+00   7.8539813e-01
   1.9911321e+00  -2.6354989e-01   7.6036114e-01  -1.5742664e+00   7.8539814e-01
   1.9910963e+00  -2.7387851e-01   7.7068982e-01  -1.5419647e+00   7.8539815e-01
   1.9914015e+00  -2.8446054e-01   7.8127625e-01  -1.5343196e+00   7.8539815e-01
   1.9917809e+00  -2.9485897e-01   7.9168159e-01  -1.5354854e+00   7.8539815e-01
   1.9921461e+00  -3.0519479e-01   8.0202386e-01  -1.5122821e+00   7.8539816e-01
   1.9927788e+00  -3.1599545e-01   8.1284304e-01  -1.5229511e+00   7.8539816e-01
   1.9932928e+00  -3.2673106e-01   8.2359095e-01  -1.5542970e+00   7.8539816e-01
   1.9934632e+00  -3.3705611e-01   8.3391740e-01  -1.6032652e+00   7.8539816e-01
   1.9931471e+00  -3.4678841e-01   8.4365483e-01  -1.6228529e+00   7.8539816e-01
   1.9926434e+00  -3.5645544e-01   8.5333498e-01  -1.6305493e+00   7.8539816e-01
   1.9920669e+00  -3.6609121e-01   8.6298798e-01  -1.6089977e+00   7.8539816e-01
   1.9916831e+00  -3.7613442e-01   8.7303852e-01  -1.5813583e+00   7.8539816e-01
   1.9915740e+00  -3.8646258e-01   8.8336726e-01  -1.5450380e+00   7.8539816e-01
   1.9918482e+00  -3.9710469e-01   8.9401290e-01  -1.5463679e+00   7.8539816e-01
   1.9920998e+00  -4.0740377e-01   9.0431505e-01  -1.5508717e+00   7.8539816e-01
   1.9923031e+00  -4.1760309e-01   9.1451640e-01  -1.5658002e+00   7.8539816e-01
   1.9923535e+00  -4.2769497e-01   9.2460840e-01  -1.5842011e+00   7.8539816e-01
   1.9922210e+00  -4.3757861e-01   9.3449293e-01  -1.5969909e+00   7.8539816e-01
   1.9919637e+00  -4.4740041e-01   9.4431811e-01  -1.6493694e+00   7.8539816e-01
   1.9912542e+00  -4.5641056e-01   9.5335613e-01  -1.6175641e+00   7.8539816e-01
   1.9907956e+00  -4.6621009e-01   9.6316639e-01  -1.6001402e+00   7.8539816e-01
   1.9905049e+00  -4.7611407e-01   9.7307464e-01  -1.5705423e+00   7.8539816e-01
   1.9905075e+00  -4.8631057e-01   9.8327114e-01  -1.5553836e+00   7.8539816e-01
   1.9906646e+00  -4.9650174e-01   9.9346352e-01  -1.5751979e+00   7.8539816e-01
   1.9906214e+00  -5.0630087e-01   1.0032627e+00  -1.6099230e+00   7.8539816e-01
   1.9902562e+00  -5.1563069e-01   1.0125997e+00  -1.6098786e+00   7.8539816e-01
   1.9898809e+00  -5.2522872e-01   1.0222051e+00  -1.6327448e+00   7.8539816e-01
   1.9893022e+00  -5.3455895e-01   1.0315532e+00  -1.6327872e+00   7.8539816e-01
   1.9887218e+00  -5.4390947e-01   1.0409217e+00  -1.5842708e+00   7.8539816e-01
   1.9885854e+00  -5.5403412e-01   1.0510473e+00  -1.5895797e+00   7.8539816e-01
   1.9884028e+00  -5.6375430e-01   1.0607692e+00  -1.5729258e+00   7.8539816e-01
   1.9883818e+00  -5.7360875e-01   1.0706237e+00  -1.5214333e+00   7.8539816e-01
   1.9889017e+00  -5.8413227e-01   1.0811600e+00  -1.5300093e+00   7.8539816e-01
   1.9893182e+00  -5.9433875e-01   1.0913750e+00  -1.4809825e+00   7.8539816e-01
   1.9903053e+00  -6.0529961e-01   1.1023802e+00  -1.4808992e+00   7.8539816e-01
   1.9912824e+00  -6.1613997e-01   1.1132645e+00  -1.4699985e+00   7.8539816e-01
   1.9923990e+00  -6.2717980e-01   1.1243607e+00  -1.4832529e+00   7.8539816e-01
   1.9933588e+00  -6.3811586e-01   1.1353388e+00  -1.5128615e+00   7.8539816e-01
   1.9939780e+00  -6.4879075e-01   1.1460316e+00  -1.5542481e+00   7.8539816e-01
   1.9941480e+00  -6.5906380e-01   1.1563061e+00  -1.5833987e+00   7.8539816e-01
   1.9940195e+00  -6.6925603e-01   1.1664991e+00  -1.6240015e+00   7.8539816e-01
   1.9935023e+00  -6.7896875e-01   1.1762256e+00  -1.6983156e+00   7.8539816e-01
   1.9923939e+00  -6.8761352e-01   1.1849411e+00  -1.7122639e+00   7.8539816e-01
   1.9911565e+00  -6.9630223e-01   1.1937175e+00  -1.6890022e+00   7.8539816e-01
   1.9900663e+00  -7.0548172e-01   1.2029615e+00  -1.6296632e+00   7.8539816e-01
   1.9894885e+00  -7.1528578e-01   1.2127826e+00  -1.6115845e+00   7.8539816e-01
   1.9890970e+00  -7.2487939e-01   1.2223842e+00  -1.5777247e+00   7.8539816e-01
   1.9890295e+00  -7.3461214e-01   1.2321172e+00  -1.6303005e+00   7.8539816e-01
   1.9885113e+00  -7.4331083e-01   1.2408313e+00  -1.6261853e+00   7.8539816e-01
   1.9880121e+00  -7.5231400e-01   1.2498483e+00  -1.5714471e+00   7.8539816e-01
   1.9880056e+00  -7.6232389e-01   1.2598582e+00  -1.5735868e+00   7.8539816e-01
   1.9879781e+00  -7.7217449e-01   1.2697088e+00  -1.5391217e+00   7.8539816e-01
   1.9883063e+00  -7.8253040e-01   1.2800699e+00  -1.5539508e+00   7.8539816e-01
   1.9884743e+00  -7.9250645e-01   1.2900474e+00  -1.5570314e+00   7.8539816e-01
   1.9886123e+00  -8.0252825e-01   1.3000701e+00  -1.5290427e+00   7.8539816e-01
   1.9890505e+00  -8.1301670e-01   1.3105677e+00  -1.5154974e+00   7.8539816e-01
   1.9896411e+00  -8.2368546e-01   1.3212528e+00  -1.5283476e+00   7.8539816e-01
   1.9900807e+00  -8.3403542e-01   1.3316121e+00  -1.5412790e+00   7.8539816e-01
   1.9903803e+00  -8.4418522e-01   1.3417663e+00  -1.5303644e+00   7.8539816e-01
   1.9908045e+00  -8.5467029e-01   1.3522600e+00  -1.5484700e+00   7.8539816e-01
   1.9910334e+00  -8.6491921e-01   1.3625115e+00  -1.5426776e+00   7.8539816e-01
   1.9913291e+00  -8.7543309e-01   1.3730295e+00  -1.5605325e+00   7.8539816e-01
   1.9914345e+00  -8.8570615e-01   1.3833031e+00  -1.6085825e+00   7.8539816e-01
   1.9910728e+00  -8.9527477e-01   1.3928786e+00  -1.6194588e+00   7.8539816e-01
   1.9906044e+00  -9.0489210e-01   1.4025073e+00  -1.6298524e+00   7.8539816e-01
   1.9900401e+00  -9.1443622e-01   1.4120681e+00  -1.6206667e+00   7.8539816e-01
   1.9895577e+00  -9.2410191e-01   1.4217458e+00  -1.5911113e+00   7.8539816e-01
   1.9893543e+00  -9.3411229e-01   1.4317582e+00  -1.5518451e+00   7.8539816e-01
   1.9895509e+00  -9.4448260e-01   1.4421304e+00  -1.5433458e+00   7.8539816e-01
   1.9898311e+00  -9.5468739e-01   1.4523391e+00  -1.5125142e+00   7.8539816e-01
   1.9904465e+00  -9.6523577e-01   1.4629054e+00  -1.4889849e+00   7.8539816e-01
   1.9913327e+00  -9.7604380e-01   1.4737497e+00  -1.4913902e+00   7.8539816e-01
   1.9921857e+00  -9.8676278e-01   1.4845025e+00  -1.5242793e+00   7.8539816e-01
   1.9926643e+00  -9.9704488e-01   1.4947958e+00  -1.5422311e+00   7.8539816e-01
   1.9929596e+00  -1.0073791e+00   1.5051342e+00  -1.5480790e+00   7.8539816e-01
   1.9931986e+00  -1.0178975e+00   1.5156553e+00  -1.6327616e+00   7.8539816e-01
   1.9926221e+00  -1.0271884e+00   1.5249640e+00  -1.6488173e+00   7.8539816e-01
   1.9918830e+00  -1.0366431e+00   1.5344477e+00  -1.6409590e+00   7.8539816e-01
   1.9911978e+00  -1.0463920e+00   1.5442205e+00  -1.6172170e+00   7.8539816e-01
   1.9907313e+00  -1.0564358e+00   1.5542752e+00  -1.6188386e+00   7.8539816e-01
   1.9902634e+00  -1.0661664e+00   1.5640170e+00  -1.5957619e+00   7.8539816e-01
   1.9900155e+00  -1.0760959e+00   1.5739497e+00  -1.5909066e+00   7.8539816e-01
   1.9898176e+00  -1.0859333e+00   1.5837891e+00  -1.6321284e+00   7.8539816e-01
   1.9895293e+00  -1.0906284e+00   1.5884930e+00  -1.6973817e+00   7.8539816e-01
   1.9894200e+00  -1.0914875e+00   1.5893590e+00  -1.8242307e+00   7.8539816e-01
   1.9894535e+00  -1.0913579e+00   1.5892251e+00  -1.9201887e+00   7.8539816e-01
   1.9895726e+00  -1.0910312e+00   1.5888774e+00  -2.0198183e+00   7.8539816e-01
   1.9897380e+00  -1.0906879e+00   1.5884964e+00  -2.1395182e+00   7.8539816e-01
   1.9901690e+00  -1.0900136e+00   1.5876961e+00  -2.2127651e+00   7.8539816e-01
   1.9903175e+00  -1.0898149e+00   1.5874480e+00  -2.3303529e+00   7.8539816e-01
   1.9906839e+00  -1.0894291e+00   1.5869159e+00  -2.4330645e+00   7.8539816e-01
   1.9910819e+00  -1.0890880e+00   1.5863917e+00  -2.5245292e+00   7.8539816e-01
   1.9913778e+00  -1.0888781e+00   1.5860290e+00  -2.6479527e+00   7.8539816e-01
   1.9920204e+00  -1.0885323e+00   1.5852992e+00  -2.7334904e+00   7.8539816e-01
   1.9923418e+00  -1.0883933e+00   1.5849491e+00  -2.8396148e+00   7.8539816e-01
   1.9928267e+00  -1.0882423e+00   1.5844413e+00  -2.9845342e+00   7.8539816e-01
   1.9939510e+00  -1.0880642e+00   1.5833029e+00  -3.0541763e+00   7.8539816e-01
   1.9897207e+00  -1.0884350e+00   1.5875494e+00  -3.0940870e+00   7.8539816e-01
   1.9790647e+00  -1.0889416e+00   1.5982175e+00  -3.1368592e+00   7.8539816e-01
   1.9635069e+00  -1.0890152e+00   1.6137754e+00  -3.1418522e+00   7.8539816e-01
   1.9441233e+00  -1.0890102e+00   1.6331590e+00  -3.1321275e+00   7.8539816e-01
   1.9236405e+00  -1.0892041e+00   1.6536427e+00  -3.1466391e+00   7.8539816e-01
   1.9028649e+00  -1.0890992e+00   1.6744186e+00  -3.1086801e+00   7.8539816e-01
   1.8810932e+00  -1.0898161e+00   1.6962021e+00  -3.1201212e+00   7.8539816e-01
   1.8604760e+00  -1.0902588e+00   1.7168241e+00  -3.1359404e+00   7.8539816e-01
   1.8411739e+00  -1.0903679e+00   1.7361265e+00  -3.1867322e+00   7.8539816e-01
   1.8232647e+00  -1.0895589e+00   1.7540539e+00  -3.2111534e+00   7.8539816e-01
   1.8052996e+00  -1.0883073e+00   1.7720625e+00  -3.1835748e+00   7.8539816e-01
   1.7857197e+00  -1.0874848e+00   1.7916597e+00  -3.2271522e+00   7.8539816e-01
   1.7663057e+00  -1.0858197e+00   1.8111450e+00  -3.2663303e+00   7.8539816e-01
   1.7472950e+00  -1.0834359e+00   1.8303046e+00  -3.2735693e+00   7.8539816e-01
   1.7278099e+00  -1.0808493e+00   1.8499606e+00  -3.2866187e+00   7.8539816e-01
   1.7079528e+00  -1.0779492e+00   1.8700284e+00  -3.2773425e+00   7.8539816e-01
   1.6874973e+00  -1.0751551e+00   1.8906738e+00  -3.2939081e+00   7.8539816e-01
   1.6673897e+00  -1.0720685e+00   1.9110169e+00  -3.3262435e+00   7.8539816e-01
   1.6479834e+00  -1.0684439e+00   1.9307588e+00  -3.3138064e+00   7.8539816e-01
   1.6282621e+00  -1.0650136e+00   1.9507763e+00  -3.3506525e+00   7.8539816e-01
   1.6092279e+00  -1.0609753e+00   1.9702341e+00  -3.3839927e+00   7.8539816e-01
   1.5906836e+00  -1.0563900e+00   1.9893369e+00  -3.3772825e+00   7.8539816e-01
   1.5715690e+00  -1.0517996e+00   2.0089950e+00  -3.3739757e+00   7.8539816e-01
   1.5520185e+00  -1.0471728e+00   2.0290855e+00  -3.3600398e+00   7.8539816e-01
   1.5332424e+00  -1.0430047e+00   2.0483187e+00  -3.3653586e+00   7.8539816e-01
   1.5159360e+00  -1.0390662e+00   2.0660675e+00  -3.3795384e+00   7.8539816e-01
   1.5003691e+00  -1.0352905e+00   2.0820859e+00  -3.3398876e+00   7.8539816e-01
   1.4854800e+00  -1.0322988e+00   2.0972725e+00  -3.3595092e+00   7.8539816e-01
   1.4725431e+00  -1.0294341e+00   2.1105228e+00  -3.3731704e+00   7.8539816e-01
   1.4610312e+00  -1.0267195e+00   2.1223504e+00  -3.3842259e+00   7.8539816e-01
   1.4506216e+00  -1.0241430e+00   2.1330741e+00  -3.4158155e+00   7.8539816e-01
   1.4415042e+00  -1.0215782e+00   2.1425454e+00  -3.3500844e+00   7.8539816e-01
   1.4317220e+00  -1.0195087e+00   2.1525441e+00  -3.3020920e+00   7.8539816e-01
   1.4218063e+00  -1.0179034e+00   2.1625889e+00  -3.2643843e+00   7.8539816e-01
   1.4119817e+00  -1.0166909e+00   2.1724881e+00  -3.2648908e+00   7.8539816e-01
   1.4026982e+00  -1.0155404e+00   2.1818426e+00  -3.2618034e+00   7.8539816e-01
   1.3934962e+00  -1.0144289e+00   2.1911114e+00  -3.2035747e+00   7.5638845e-01
   1.3829862e+00  -1.0137766e+00   2.2010478e+00  -3.1605349e+00   6.8965704e-01
   1.3711661e+00  -1.0135527e+00   2.2107983e+00  -3.1607373e+00   6.0670622e-01
   1.3592663e+00  -1.0133249e+00   2.2190586e+00  -3.2027985e+00   5.2042624e-01
   1.3486647e+00  -1.0126752e+00   2.2251461e+00  -3.2282395e+00   4.3811504e-01
   1.3395375e+00  -1.0118823e+00   2.2294381e+00  -3.2934065e+00   3.6351124e-01
   1.3332167e+00  -1.0109153e+00   2.2318706e+00  -3.3526426e+00   2.9814887e-01
   1.3291293e+00  -1.0100396e+00   2.2331552e+00  -3.4263710e+00   2.4224903e-01
   1.3269999e+00  -1.0094163e+00   2.2337034e+00  -3.4943670e+00   1.9529742e-01
   1.3257122e+00  -1.0089422e+00   2.2339749e+00  -3.5743532e+00   1.5641069e-01
   1.3247272e+00  -1.0084872e+00   2.2341460e+00  -3.6736101e+00   1.2456228e-01
   1.3238827e+00  -1.0079900e+00   2.2342687e+00  -3.7202069e+00   9.8716007e-02
   1.3219527e+00  -1.0067294e+00   2.2344970e+00  -3.8129007e+00   7.7900004e-02
   1.3204178e+00  -1.0055101e+00   2.2346500e+00  -3.8122264e+00   6.1242992e-02
   1.3180712e+00  -1.0036486e+00   2.2348337e+00  -3.6903991e+00   4.7987420e-02
   1.3135729e+00  -1.0008980e+00   2.2350869e+00  -3.5579866e+00   3.7489044e-02
   1.3108621e+00  -9.9969915e-01   2.2351981e+00  -3.4552661e+00   2.9209079e-02
   1.3095902e+00  -9.9928657e-01   2.2352372e+00  -3.3255860e+00   2.2702812e-02
   1.3066156e+00  -9.9873301e-01   2.2353059e+00  -3.2178623e+00   1.7607031e-02
   1.3003977e+00  -9.9825785e-01   2.2354157e+00  -3.1658368e+00   1.3627652e-02
   1.2904512e+00  -9.9801666e-01   2.2355513e+00  -3.1084899e+00   1.0528282e-02
   1.2775118e+00  -9.9844515e-01   2.2356876e+00  -3.1143143e+00   8.1200722e-03
   1.2641266e+00  -9.9881036e-01   2.2357963e+00  -3.0867771e+00   6.2529513e-03
   1.2496046e+00  -9.9960720e-01   2.2358872e+00  -3.1021314e+00   4.8082104e-03
   1.2356239e+00  -1.0001592e+00   2.2359545e+00  -3.1077030e+00   3.6923273e-03
   1.2223150e+00  -1.0006104e+00   2.2360037e+00  -3.1312674e+00   2.8318849e-03
   1.2101899e+00  -1.0007356e+00   2.2360380e+00  -3.1227556e+00   2.1694316e-03
   1.1984255e+00  -1.0009572e+00   2.2360636e+00  -3.1344333e+00   1.6601376e-03
   1.1875933e+00  -1.0010348e+00   2.2360815e+00  -3.1384272e+00   1.2691110e-03
   1.1773649e+00  -1.0010671e+00   2.2360945e+00  -3.1208145e+00   9.6925834e-04
   1.1669017e+00  -1.0012846e+00   2.2361047e+00  -3.1151002e+00   7.3958556e-04
   1.1565510e+00  -1.0015589e+00   2.2361123e+00  -3.1557567e+00   5.6385667e-04
   1.1471736e+00  -1.0014260e+00   2.2361176e+00  -3.1789693e+00   4.2953742e-04
   1.1378553e+00  -1.0010776e+00   2.2361216e+00  -3.1797861e+00   3.2696720e-04
   1.1281844e+00  -1.0007080e+00   2.2361248e+00  -3.1953258e+00   2.4871138e-04
   1.1186990e+00  -1.0001979e+00   2.2361271e+00  -3.2053185e+00   1.8905644e-04
   1.1092527e+00  -9.9959509e-01   2.2361289e+00  -3.2285123e+00   1.4361722e-04
   1.1004580e+00  -9.9882872e-01   2.2361302e+00  -3.2226924e+00   1.0903212e-04
   1.0916013e+00  -9.9810887e-01   2.2361312e+00  -3.1522266e+00   8.2727169e-05
   1.0815838e+00  -9.9800234e-01   2.2361320e+00  -3.1266450e+00   6.2733490e-05
   1.0717303e+00  -9.9814964e-01   2.2361326e+00  -3.1151935e+00   4.7546592e-05
   1.0623021e+00  -9.9839859e-01   2.2361331e+00  -3.1321865e+00   3.6017894e-05
   1.0534281e+00  -9.9848206e-01   2.2361334e+00  -3.0725090e+00   2.7271302e-05
   1.0429614e+00  -9.9920630e-01   2.2361337e+00  -3.0845305e+00   2.0639115e-05
   1.0329504e+00  -9.9977817e-01   2.2361339e+00  -3.0826824e+00   1.5612857e-05
   1.0225676e+00  -1.0003905e+00   2.2361340e+00  -3.0804789e+00   1.1805591e-05
   1.0116461e+00  -1.0010588e+00   2.2361342e+00  -3.0973779e+00   8.9230769e-06
   1.0007094e+00  -1.0015427e+00   2.2361343e+00  -3.1211043e+00   6.7417099e-06
   9.8992241e-01  -1.0017637e+00   2.2361343e+00  -3.0976797e+00   5.0916747e-06
   9.7815883e-01  -1.0022806e+00   2.2361344e+00  -3.1402880e+00   3.8440819e-06
   9.6732270e-01  -1.0022948e+00   2.2361344e+00  -3.1837830e+00   2.9011616e-06
   9.5720038e-01  -1.0018675e+00   2.2361345e+00  -3.1882839e+00   2.1887898e-06
   9.4687816e-01  -1.0013851e+00   2.2361345e+00  -3.2146839e+00   1.6507995e-06
   9.3715271e-01  -1.0006730e+00   2.2361345e+00  -3.2813006e+00   1.2446514e-06
   9.2908283e-01  -9.9953822e-01   2.2361345e+00  -3.3047488e+00   9.3814286e-07
   9.2163981e-01  -9.9831295e-01   2.2361345e+00  -3.2160044e+00   7.0690750e-07
   9.1237190e-01  -9.9762203e-01   2.2361345e+00  -3.1482722e+00   5.3251619e-07
   9.0258966e-01  -9.9755669e-01   2.2361345e+00  -3.0870866e+00   4.0103633e-07
   8.9254877e-01  -9.9810452e-01   2.2361345e+00  -3.0834535e+00   3.0193896e-07
   8.8313929e-01  -9.9865220e-01   2.2361345e+00  -3.0559409e+00   2.2727036e-07
   8.7307481e-01  -9.9951635e-01   2.2361345e+00  -3.0562381e+00   1.7102444e-07
   8.6261982e-01  -1.0004109e+00   2.2361345e+00  -3.0721178e+00   1.2866742e-07
   8.5201064e-01  -1.0011492e+00   2.2361345e+00  -3.0726076e+00   9.6778136e-08
   8.4060001e-01  -1.0019376e+00   2.2361345e+00  -3.0836656e+00   7.2775835e-08
   8.2892808e-01  -1.0026145e+00   2.2361345e+00  -3.1283033e+00   5.4714363e-08
   8.1780821e-01  -1.0027622e+00   2.2361345e+00  -3.1864234e+00   4.1126569e-08
   8.0745131e-01  -1.0022976e+00   2.2361345e+00  -3.1939386e+00   3.0906744e-08
   7.9679959e-01  -1.0017395e+00   2.2361345e+00  -3.2381376e+00   2.3221818e-08
   7.8716650e-01  -1.0008066e+00   2.2361345e+00  -3.2443382e+00   1.7444312e-08
   7.7775905e-01  -9.9983663e-01   2.2361345e+00  -3.2683802e+00   1.3101724e-08
   7.6939668e-01  -9.9877066e-01   2.2361345e+00  -3.2375309e+00   9.8383503e-09
   7.6076756e-01  -9.9794025e-01   2.2361345e+00  -3.1959909e+00   7.3864798e-09
   7.5179203e-01  -9.9745152e-01   2.2361345e+00  -3.1512122e+00   5.5446765e-09
   7.4255784e-01  -9.9736269e-01   2.2361345e+00  -3.1020705e+00   4.1614087e-09
   7.3303391e-01  -9.9773929e-01   2.2361345e+00  -3.0511167e+00   3.1227118e-09
   7.2278088e-01  -9.9866948e-01   2.2361345e+00  -3.0406157e+00   2.3428941e-09
   7.1248196e-01  -9.9971298e-01   2.2361345e+00  -3.0397916e+00   1.7575367e-09
   7.0181181e-01  -1.0008030e+00   2.2361345e+00  -3.0547694e+00   1.3182228e-09
   6.9083207e-01  -1.0017587e+00   2.2361345e+00  -3.0963032e+00   9.8857043e-10
   6.8008414e-01  -1.0022458e+00   2.2361345e+00  -3.1326846e+00   7.4124594e-10
   6.6929110e-01  -1.0023419e+00   2.2361345e+00  -3.1864427e+00   5.5571804e-10
   6.5910094e-01  -1.0018846e+00   2.2361345e+00  -3.2288837e+00   4.1656770e-10
   6.4940077e-01  -1.0010357e+00   2.2361345e+00  -3.2157727e+00   3.1221736e-10
   6.3923108e-01  -1.0002799e+00   2.2361345e+00  -3.2100410e+00   2.3397542e-10
   6.2923674e-01  -9.9959476e-01   2.2361345e+00  -3.2058196e+00   1.7531798e-10
   6.1979212e-01  -9.9898732e-01   2.2361345e+00  -3.2128563e+00   1.3134908e-10
   6.1110358e-01  -9.9836710e-01   2.2361345e+00  -3.1190837e+00   9.8395038e-11
   6.0072754e-01  -9.9860069e-01   2.2361345e+00  -3.0992223e+00   7.3699769e-11
   5.9074637e-01  -9.9902385e-01   2.2361345e+00  -3.0614773e+00   5.5195921e-11
   5.8018594e-01  -9.9987172e-01   2.2361345e+00  -3.0438914e+00   4.1332998e-11
   5.6929881e-01  -1.0009388e+00   2.2361345e+00  -3.0598859e+00   3.0948312e-11
   5.5859412e-01  -1.0018154e+00   2.2361345e+00  -3.1047009e+00   2.3170116e-11
   5.4831950e-01  -1.0021946e+00   2.2361345e+00  -3.1607345e+00   1.7344895e-11
   5.3841768e-01  -1.0020051e+00   2.2361345e+00  -3.1715813e+00   1.2982799e-11
   5.2802106e-01  -1.0016932e+00   2.2361345e+00  -3.1942560e+00   9.7167083e-12
   5.1775857e-01  -1.0011522e+00   2.2361345e+00  -3.2337075e+00   7.2715178e-12
   5.0825025e-01  -1.0002739e+00   2.2361345e+00  -3.2742745e+00   5.4411031e-12
   4.9977230e-01  -9.9914236e-01   2.2361345e+00  -3.2481335e+00   4.0710431e-12
   4.9092644e-01  -9.9819634e-01   2.2361345e+00  -3.1993648e+00   3.0456651e-12
   4.8161453e-01  -9.9765777e-01   2.2361345e+00  -3.2199442e+00   2.2783326e-12
   4.7433677e-01  -9.9708637e-01   2.2361345e+00  -3.2977927e+00  -2.9009713e-02
   4.7303730e-01  -9.9688173e-01   2.2360964e+00  -3.4063996e+00  -9.5741122e-02
   4.7251935e-01  -9.9674128e-01   2.2360448e+00  -3.4838902e+00  -1.7869194e-01
   4.7195821e-01  -9.9654133e-01   2.2359372e+00  -3.5893836e+00  -2.6497193e-01
   4.7186735e-01  -9.9649768e-01   2.2359099e+00  -3.7302510e+00  -3.4728312e-01
   4.7257540e-01  -9.9697039e-01   2.2362180e+00  -3.8284668e+00  -4.2188692e-01
   4.7304315e-01  -9.9735399e-01   2.2364896e+00  -3.8978557e+00  -4.8724930e-01
   4.7295379e-01  -9.9726969e-01   2.2364245e+00  -3.9517163e+00  -5.4314914e-01
   4.7231707e-01  -9.9660068e-01   2.2358669e+00  -4.0148996e+00  -5.9010074e-01
   4.7150564e-01  -9.9563239e-01   2.2350208e+00  -4.1176667e+00  -6.2898748e-01
   4.7107387e-01  -9.9499407e-01   2.2344601e+00  -4.2172930e+00  -6.6083588e-01
   4.7074469e-01  -9.9438443e-01   2.2339215e+00  -4.3526379e+00  -6.8668216e-01
   4.7073975e-01  -9.9437128e-01   2.2339100e+00  -4.4773266e+00  -7.0749816e-01
   4.7082774e-01  -9.9473870e-01   2.2342331e+00  -4.5906297e+00  -7.2415517e-01
   4.7087801e-01  -9.9514954e-01   2.2345992e+00  -4.7046873e+00  -7.3741074e-01
   4.7088167e-01  -9.9562458e-01   2.2350307e+00  -4.7822591e+00  -7.4790912e-01
   4.7088561e-01  -9.9556826e-01   2.2349783e+00  -4.8595008e+00  -7.5618908e-01
   4.7254313e-01  -9.8438260e-01   2.2243125e+00  -4.8849583e+00  -7.6269535e-01
   4.7576195e-01  -9.6591581e-01   2.2063997e+00  -4.8835191e+00  -7.6779113e-01
   4.7843707e-01  -9.5043663e-01   2.1912347e+00  -4.8291918e+00  -7.7177051e-01
   4.7976350e-01  -9.3913219e-01   2.1801588e+00  -4.7248460e+00  -7.7486988e-01
   4.7991051e-01  -9.2733141e-01   2.1686030e+00  -4.6372221e+00  -7.7727809e-01
   4.7850850e-01  -9.0871463e-01   2.1502343e+00  -4.6671150e+00  -7.7914521e-01
   4.7776622e-01  -8.9233052e-01   2.1340372e+00  -4.7277456e+00  -7.8058995e-01
   4.7792797e-01  -8.8179813e-01   2.1236044e+00  -4.8336993e+00  -7.8170584e-01
   4.7907808e-01  -8.7236400e-01   2.1141703e+00  -4.8995440e+00  -7.8256628e-01
   4.8197509e-01  -8.5706592e-01   2.0986883e+00  -4.8936719e+00  -7.8322873e-01
   4.8481867e-01  -8.4155227e-01   2.0829845e+00  -4.8240900e+00  -7.8373803e-01
   4.8587221e-01  -8.3215973e-01   2.0735643e+00  -4.6949230e+00  -7.8412905e-01
   4.8573712e-01  -8.2442597e-01   2.0658490e+00  -4.6026272e+00  -7.8442891e-01
   4.8429261e-01  -8.1131844e-01   2.0526877e+00  -4.6357452e+00  -7.8465858e-01
   4.8295884e-01  -7.9395029e-01   2.0352941e+00  -4.7021554e+00  -7.8483431e-01
   4.8285178e-01  -7.8348922e-01   2.0248443e+00  -4.7910610e+00  -7.8496863e-01
   4.8355444e-01  -7.7457611e-01   2.0159112e+00  -4.8530159e+00  -7.8507120e-01
   4.8552910e-01  -7.6062695e-01   2.0018322e+00  -4.8420894e+00  -7.8514945e-01
   4.8793179e-01  -7.4220606e-01   1.9832645e+00  -4.8260880e+00  -7.8520911e-01
   4.8932042e-01  -7.3004549e-01   1.9710295e+00  -4.7631296e+00  -7.8525455e-01
   4.8979355e-01  -7.2072912e-01   1.9617038e+00  -4.6779385e+00  -7.8528913e-01
   4.8942017e-01  -7.0989524e-01   1.9508659e+00  -4.6004575e+00  -7.8531544e-01
   4.8757176e-01  -6.9345054e-01   1.9343204e+00  -4.6061859e+00  -7.8533543e-01
   4.8586214e-01  -6.7741346e-01   1.9181944e+00  -4.6659284e+00  -7.8535062e-01
   4.8534689e-01  -6.6633143e-01   1.9071015e+00  -4.7493876e+00  -7.8536215e-01
   4.8569853e-01  -6.5683166e-01   1.8975959e+00  -4.8517889e+00  -7.8537089e-01
   4.8736224e-01  -6.4497432e-01   1.8856231e+00  -4.9001778e+00  -7.8537752e-01
   4.9058364e-01  -6.2802203e-01   1.8683681e+00  -4.8276397e+00  -7.8538255e-01
   4.9184522e-01  -6.1712421e-01   1.8573979e+00  -4.7128345e+00  -7.8538636e-01
   4.9184844e-01  -6.0988681e-01   1.8501606e+00  -4.6037938e+00  -7.8538924e-01
   4.9088342e-01  -6.0103532e-01   1.8412569e+00  -4.5303206e+00  -7.8539142e-01
   4.8792299e-01  -5.8495540e-01   1.8249069e+00  -4.5766038e+00  -7.8539307e-01
   4.8642796e-01  -5.7401294e-01   1.8138629e+00  -4.6522727e+00  -7.8539432e-01
   4.8605690e-01  -5.6784793e-01   1.8076868e+00  -4.7568597e+00  -7.8539526e-01
   4.8631133e-01  -5.6213041e-01   1.8019636e+00  -4.8653974e+00  -7.8539597e-01
   4.8789561e-01  -5.5185712e-01   1.7915689e+00  -4.9261781e+00  -7.8539651e-01
   4.9084488e-01  -5.3827270e-01   1.7776681e+00  -4.8422655e+00  -7.8539692e-01
   4.9181995e-01  -5.3080729e-01   1.7701393e+00  -4.7614679e+00  -7.8539723e-01
   4.9198281e-01  -5.2749170e-01   1.7668197e+00  -4.6660389e+00  -7.8539746e-01
   4.9175238e-01  -5.2252389e-01   1.7618466e+00  -4.6011768e+00  -7.8539763e-01
   4.9050558e-01  -5.1135914e-01   1.7506124e+00  -4.5993582e+00  -7.8539776e-01
   4.8895509e-01  -4.9770014e-01   1.7368657e+00  -4.6598776e+00  -7.8539786e-01
   4.8841445e-01  -4.8741405e-01   1.7265655e+00  -4.7116992e+00  -7.8539794e-01
   4.8840735e-01  -4.7711659e-01   1.7162680e+00  -4.8119121e+00  -7.8539799e-01
   4.8964909e-01  -4.6468092e-01   1.7037705e+00  -4.8546595e+00  -7.8539803e-01
   4.9208869e-01  -4.4764919e-01   1.6865649e+00  -4.7869632e+00  -7.8539807e-01
   4.9301405e-01  -4.3526352e-01   1.6741447e+00  -4.6954024e+00  -7.8539809e-01
   4.9285634e-01  -4.2597993e-01   1.6648598e+00  -4.6205681e+00  -7.8539811e-01
   4.9188214e-01  -4.1539995e-01   1.6542351e+00  -4.5671222e+00  -7.8539812e-01
   4.8967239e-01  -4.0029543e-01   1.6389698e+00  -4.5676937e+00  -7.8539813e-01
   4.8775695e-01  -3.8715021e-01   1.6256857e+00  -4.6293678e+00  -7.8539814e-01
   4.8700083e-01  -3.7806357e-01   1.6165677e+00  -4.7709508e+00  -7.8539815e-01
   4.8740733e-01  -3.7113014e-01   1.6096224e+00  -4.8731915e+00  -7.8539815e-01
   4.8912423e-01  -3.6054523e-01   1.5988991e+00  -4.8937750e+00  -7.8539815e-01
   4.9149235e-01  -3.4763305e-01   1.5857716e+00  -4.8407599e+00  -7.8539816e-01
   4.9237658e-01  -3.4078288e-01   1.5788646e+00  -4.7308600e+00  -7.8539816e-01
   4.9245147e-01  -3.3672884e-01   1.5748098e+00  -4.5910926e+00  -7.8539816e-01
   4.9164071e-01  -3.3007755e-01   1.5681093e+00  -4.4962029e+00  -7.8539816e-01
   4.8848230e-01  -3.1569619e-01   1.5533852e+00  -4.5368606e+00  -7.8539816e-01
   4.8661497e-01  -3.0516736e-01   1.5426921e+00  -4.6346340e+00  -7.8539816e-01
   4.8627827e-01  -3.0084572e-01   1.5383573e+00  -4.7445543e+00  -7.8539816e-01
   4.8637838e-01  -2.9773434e-01   1.5352443e+00  -4.8277863e+00  -7.8539816e-01
   4.8734956e-01  -2.8935576e-01   1.5268097e+00  -4.8723111e+00  -7.8539816e-01
   4.8986197e-01  -2.7377974e-01   1.5110323e+00  -4.8518616e+00  -7.8539816e-01
   4.9124903e-01  -2.6389928e-01   1.5010550e+00  -4.7331034e+00  -7.8539816e-01
   4.9138959e-01  -2.5711464e-01   1.4942689e+00  -4.6109430e+00  -7.8539816e-01
   4.9053469e-01  -2.4871643e-01   1.4858273e+00  -4.5533074e+00  -7.8539816e-01
   4.8809310e-01  -2.3349810e-01   1.4704143e+00  -4.6169031e+00  -7.8539816e-01
   4.8688276e-01  -2.2086110e-01   1.4577195e+00  -4.7059047e+00  -7.8539816e-01
   4.8683028e-01  -2.1276743e-01   1.4496257e+00  -4.7991598e+00  -7.8539816e-01
   4.8758894e-01  -2.0404612e-01   1.4408714e+00  -4.8929116e+00  -7.8539816e-01
   4.9011139e-01  -1.9022520e-01   1.4268222e+00  -4.8561580e+00  -7.8539816e-01
   4.9192939e-01  -1.7766717e-01   1.4141333e+00  -4.7704279e+00  -7.8539816e-01
   4.9234331e-01  -1.7054342e-01   1.4069975e+00  -4.7197150e+00  -7.8539816e-01
   4.9238192e-01  -1.6527330e-01   1.4017272e+00  -4.6408865e+00  -7.8539816e-01
   4.9174266e-01  -1.5634818e-01   1.3927792e+00  -4.5869691e+00  -7.8539816e-01
   4.8978943e-01  -1.4085637e-01   1.3771648e+00  -4.5917020e+00  -7.8539816e-01
   4.8811011e-01  -1.2700932e-01   1.3632163e+00  -4.6868034e+00  -7.8539816e-01
   4.8786220e-01  -1.1732207e-01   1.3535259e+00  -4.7445791e+00  -7.8539816e-01
   4.8818884e-01  -1.0717825e-01   1.3433768e+00  -4.7828230e+00  -7.8539816e-01
   4.8918488e-01  -9.3060170e-02   1.3292236e+00  -4.7798580e+00  -7.8539816e-01
   4.9033181e-01  -7.6086659e-02   1.3122114e+00  -4.8062385e+00  -7.8539816e-01
   4.9155375e-01  -6.3104691e-02   1.2991720e+00  -4.7586386e+00  -7.8539816e-01
   4.9207256e-01  -5.1895040e-02   1.2879504e+00  -4.6568476e+00  -7.5638845e-01
   4.9139169e-01  -3.9648749e-02   1.2763769e+00  -4.6219291e+00  -6.8965704e-01
   4.8997359e-01  -2.4015044e-02   1.2634299e+00  -4.6068023e+00  -6.0670622e-01
   4.8808658e-01  -6.2098446e-03   1.2510034e+00  -4.6137883e+00  -5.2042624e-01
   4.8645339e-01   1.0300166e-02   1.2414949e+00  -4.6723944e+00  -4.3811504e-01
   4.8587686e-01   2.4707599e-02   1.2347399e+00  -4.7826244e+00  -3.6351124e-01
   4.8685417e-01   3.8599504e-02   1.2294421e+00  -4.8830314e+00  -2.9814887e-01
   4.8981846e-01   5.5801889e-02   1.2240778e+00  -4.9019040e+00  -2.4224903e-01
   4.9307729e-01   7.2791157e-02   1.2198032e+00  -4.8277983e+00  -1.9529742e-01
   4.9462737e-01   8.6162656e-02   1.2171403e+00  -4.7565328e+00  -1.5641069e-01
   4.9502281e-01   9.5114848e-02   1.2157272e+00  -4.6623145e+00  -1.2456228e-01
   4.9453072e-01   1.0493380e-01   1.2144962e+00  -4.5572770e+00  -9.8716007e-02
   4.9228740e-01   1.1928020e-01   1.2130581e+00  -4.4589745e+00  -7.7900004e-02
   4.8829596e-01   1.3469226e-01   1.2118154e+00  -4.5007143e+00  -6.1242992e-02
   4.8507516e-01   1.4968009e-01   1.2108754e+00  -4.6234526e+00  -4.7987420e-02
   4.8420102e-01   1.5948299e-01   1.2104027e+00  -4.7179987e+00  -3.7489044e-02
   4.8424698e-01   1.6767522e-01   1.2100954e+00  -4.8091983e+00  -2.9209079e-02
   4.8528716e-01   1.7838621e-01   1.2097810e+00  -4.9359645e+00  -2.2702812e-02
   4.8779542e-01   1.8941752e-01   1.2095241e+00  -4.9435670e+00  -1.7607031e-02
   4.9058961e-01   2.0128819e-01   1.2093094e+00  -4.8641103e+00  -1.3627652e-02
   4.9254941e-01   2.1410603e-01   1.2091327e+00  -4.7751528e+00  -1.0528282e-02
   4.9325968e-01   2.2540766e-01   1.2090135e+00  -4.6841867e+00  -8.1200722e-03
   4.9293630e-01   2.3687103e-01   1.2089203e+00  -4.5856067e+00  -6.2529513e-03
   4.9142581e-01   2.4872116e-01   1.2088456e+00  -4.4852850e+00  -4.8082104e-03
   4.8852884e-01   2.6125726e-01   1.2087838e+00  -4.5186595e+00  -3.6923273e-03
   4.8630560e-01   2.7258933e-01   1.2087411e+00  -4.5588604e+00  -2.8318849e-03
   4.8454842e-01   2.8394458e-01   1.2087086e+00  -4.6794512e+00  -2.1694316e-03
   4.8421280e-01   2.9413015e-01   1.2086865e+00  -4.8055358e+00  -1.6601376e-03
   4.8506956e-01   3.0330144e-01   1.2086712e+00  -4.8760387e+00  -1.2691110e-03
   4.8665310e-01   3.1289130e-01   1.2086589e+00  -4.9178597e+00  -9.6925833e-04
   4.8866784e-01   3.2255839e-01   1.2086493e+00  -4.9344655e+00  -7.3958556e-04
   4.9076159e-01   3.3183095e-01   1.2086423e+00  -4.9300717e+00  -5.6385667e-04
   4.9266402e-01   3.4043193e-01   1.2086373e+00  -4.8395578e+00  -4.2953742e-04
   4.9385765e-01   3.4976745e-01   1.2086332e+00  -4.7558847e+00  -3.2696720e-04
   4.9426143e-01   3.5904491e-01   1.2086302e+00  -4.7077595e+00  -2.4871138e-04
   4.9422106e-01   3.6776430e-01   1.2086280e+00  -4.6214976e+00  -1.8905644e-04
   4.9334886e-01   3.7733400e-01   1.2086262e+00  -4.6167722e+00  -1.4361722e-04
   4.9248822e-01   3.8630747e-01   1.2086249e+00  -4.5771304e+00  -1.0903212e-04
   4.9110995e-01   3.9643513e-01   1.2086238e+00  -4.6169397e+00  -8.2727169e-05
   4.9017292e-01   4.0622233e-01   1.2086230e+00  -4.7018917e+00  -6.2733490e-05
   4.9007938e-01   4.1513281e-01   1.2086224e+00  -4.7535173e+00  -4.7546592e-05
   4.9044929e-01   4.2412171e-01   1.2086220e+00  -4.7582803e+00  -3.6017894e-05
   4.9090148e-01   4.3396827e-01   1.2086217e+00  -4.7606786e+00  -2.7271302e-05
   4.9138338e-01   4.4393984e-01   1.2086214e+00  -4.7011578e+00  -2.0639115e-05
   4.9125933e-01   4.5498443e-01   1.2086212e+00  -4.6441022e+00  -1.5612857e-05
   4.9047462e-01   4.6645793e-01   1.2086210e+00  -4.5823377e+00  -1.1805591e-05
   4.8890982e-01   4.7842219e-01   1.2086208e+00  -4.5862614e+00  -8.9230769e-06
   4.8746725e-01   4.8979889e-01   1.2086207e+00  -4.6144454e+00  -6.7417099e-06
   4.8637725e-01   5.0089206e-01   1.2086207e+00  -4.6199743e+00  -5.0916747e-06
   4.8529173e-01   5.1260480e-01   1.2086206e+00  -4.6946670e+00  -3.8440819e-06
