-0.001 -0.003 +0.001 +0.001 +0.001
-0.001 -0.003 +0.000 +0.002 -0.004
+0.003 -0.003 +0.002 +0.040 +0.014
+0.002 -0.004 +0.001 +0.008 -0.005
+0.004 -0.005 +0.002 +0.020 +0.009
+0.003 -0.005 +0.001 +0.016 -0.008
+0.002 -0.005 +0.002 +0.004 +0.008
+0.002 -0.005 +0.002 +0.003 +0.000
+0.003 -0.005 +0.002 +0.006 -0.001
+0.003 -0.005 +0.003 +0.005 +0.005
+0.003 -0.005 +0.002 +0.008 -0.003
+0.003 -0.004 +0.002 +0.004 -0.005
+0.003 -0.004 +0.001 +0.004 -0.004
+0.005 -0.006 +6.277 +0.022 -0.076
+0.006 -0.007 +6.247 +0.021 -0.295
+0.010 -0.007 +6.192 +0.037 -0.556
+0.007 -0.007 +6.117 +0.031 -0.750
+0.007 -0.008 +6.039 +0.013 -0.777
+0.006 -0.008 +5.967 +0.012 -0.726
+0.006 -0.008 +5.896 +0.002 -0.703
+0.007 -0.007 +5.826 +0.015 -0.704
+0.010 -0.008 +5.754 +0.028 -0.719
+0.012 -0.010 +5.681 +0.027 -0.734
+0.013 -0.009 +5.620 +0.019 -0.607
+0.013 -0.008 +5.591 +0.013 -0.289
+0.009 -0.004 +5.593 +0.049 +0.025
+0.012 -0.007 +5.596 +0.039 +0.022
+0.012 -0.008 +5.595 +0.009 -0.002
+0.012 -0.007 +5.596 +0.007 +0.011
+0.011 -0.007 +5.599 +0.017 +0.023
+0.010 -0.007 +5.611 +0.005 +0.121
+0.010 -0.008 +5.630 +0.012 +0.188
+0.009 -0.009 +5.644 +0.019 +0.142
+0.009 -0.010 +5.652 +0.013 +0.083
+0.007 -0.009 +5.662 +0.024 +0.101
+0.006 -0.009 +5.681 +0.010 +0.190
+0.004 -0.009 +5.705 +0.014 +0.234
+0.002 -0.011 +5.735 +0.028 +0.307
-0.001 -0.009 +5.783 +0.032 +0.478
-0.005 -0.006 +5.847 +0.051 +0.634
-0.008 -0.005 +5.917 +0.038 +0.699
-0.009 -0.005 +5.979 +0.009 +0.622
-0.009 -0.007 +6.024 +0.015 +0.448
-0.011 -0.007 +6.050 +0.019 +0.263
-0.014 -0.005 +6.070 +0.036 +0.205
-0.014 -0.004 +6.088 +0.009 +0.177
-0.015 -0.005 +6.102 +0.016 +0.141
-0.014 -0.005 +6.114 +0.010 +0.117
-0.014 -0.005 +6.112 +0.006 -0.016
-0.014 -0.005 +6.111 +0.006 -0.016
-0.012 -0.006 +6.109 +0.019 -0.016
-0.012 -0.007 +6.110 +0.014 +0.010
-0.013 -0.006 +6.110 +0.016 -0.003
-0.012 -0.004 +6.109 +0.022 -0.007
-0.014 -0.004 +6.108 +0.016 -0.006
-0.014 -0.006 +6.109 +0.016 +0.009
-0.015 -0.003 +6.110 +0.036 +0.004
-0.014 -0.005 +6.111 +0.025 +0.016
-0.013 -0.005 +6.113 +0.012 +0.022
-0.016 -0.007 +6.117 +0.036 +0.034
-0.018 -0.006 +6.127 +0.022 +0.100
-0.022 -0.006 +6.144 +0.032 +0.168
-0.022 -0.005 +6.161 +0.012 +0.174
-0.021 -0.005 +6.165 +0.011 +0.041
-0.021 -0.005 +6.168 +0.009 +0.026
-0.019 -0.004 +6.174 +0.019 +0.060
-0.019 -0.005 +6.178 +0.006 +0.038
-0.019 -0.005 +6.181 +0.002 +0.031
-0.017 -0.005 +6.185 +0.012 +0.047
-0.014 -0.004 +6.189 +0.037 +0.037
-0.012 -0.004 +6.195 +0.023 +0.059
-0.008 -0.004 +6.203 +0.038 +0.080
-0.008 -0.004 +6.206 +0.009 +0.032
-0.008 -0.003 +6.206 +0.005 +0.002
-0.010 -0.001 +6.207 +0.031 +0.002
-0.010 -0.001 +6.214 +0.002 +0.070
-0.012 +0.001 +6.221 +0.021 +0.075
-0.010 +0.001 +6.227 +0.021 +0.061
-0.008 +0.002 +6.233 +0.023 +0.061
-0.007 +0.002 +6.235 +0.011 +0.016
-0.008 +0.001 +6.235 +0.020 +0.006
-0.008 -0.001 +6.238 +0.017 +0.023
-0.008 -0.001 +6.241 +0.005 +0.028
-0.007 -0.000 +6.242 +0.013 +0.012
-0.008 -0.002 +6.245 +0.016 +0.031
-0.008 -0.001 +6.248 +0.008 +0.035
-0.010 -0.002 +6.254 +0.019 +0.053
-0.009 -0.002 +6.260 +0.008 +0.061
-0.007 -0.002 +6.267 +0.017 +0.077
-0.009 -0.002 +6.274 +0.019 +0.069
-0.009 -0.003 +0.003 +0.006 +0.121
-0.007 -0.004 +0.019 +0.019 +0.159
-0.003 -0.002 +0.027 +0.046 +0.083
-0.004 -0.002 +0.026 +0.010 -0.014
-0.004 -0.002 +0.025 +0.007 -0.009
-0.006 -0.003 +0.026 +0.016 +0.004
-0.005 -0.002 +0.026 +0.014 +0.007
-0.004 -0.004 +0.025 +0.023 -0.009
-0.005 -0.003 +0.025 +0.015 -0.007
-0.006 -0.003 +0.025 +0.009 +0.003
-0.006 -0.004 +0.026 +0.011 +0.006
-0.005 -0.004 +0.025 +0.011 -0.004
-0.005 -0.003 +0.025 +0.003 +0.002
-0.007 -0.004 +0.026 +0.015 +0.003
-0.006 -0.003 +0.025 +0.005 -0.004
-0.007 -0.003 +0.025 +0.006 -0.006
-0.006 -0.003 +0.025 +0.005 +0.001
-0.007 -0.003 +0.025 +0.008 +0.001
-0.007 -0.003 +0.024 +0.003 -0.004
-0.007 -0.001 +0.024 +0.014 -0.001
-0.005 -0.003 +0.024 +0.026 -0.005
-0.006 -0.002 +0.024 +0.017 +0.003
-0.006 -0.003 +0.024 +0.009 -0.001
-0.007 -0.002 +0.024 +0.013 -0.000
-0.006 -0.003 +0.025 +0.010 +0.011
-0.005 -0.004 +0.025 +0.010 -0.005
-0.008 -0.004 +0.025 +0.022 +0.006
-0.006 -0.004 +0.024 +0.017 -0.008
-0.006 -0.003 +0.025 +0.007 +0.007
-0.005 -0.002 +0.025 +0.017 -0.003
-0.006 -0.003 +0.024 +0.015 -0.003
-0.006 -0.003 +0.025 +0.005 +0.007
+0.012 +0.014 +3.106 +0.069 -0.034
+0.012 +0.014 +3.106 +0.010 +0.004
+0.013 +0.014 +3.105 +0.016 -0.010
+0.013 +0.010 +3.104 +0.040 -0.014
+0.013 +0.010 +3.104 +0.011 +0.006
+0.014 +0.010 +3.104 +0.012 -0.001
+0.013 +0.010 +3.104 +0.003 +0.001
+0.013 +0.010 +3.104 +0.002 -0.005
+0.013 +0.010 +3.104 +0.004 +0.004
+0.014 +0.010 +3.103 +0.014 -0.009
+0.014 +0.010 +3.103 +0.004 -0.000
+0.015 +0.010 +3.104 +0.003 +0.002
+0.015 +0.009 +3.104 +0.010 +0.001
+0.015 +0.009 +3.103 +0.005 -0.002
+0.013 +0.010 +3.103 +0.017 -0.005
+0.007 +0.013 +3.091 +0.066 -0.123
-0.004 +0.017 +3.067 +0.124 -0.236
-0.010 +0.020 +3.017 +0.068 -0.498
-0.016 +0.022 +2.943 +0.059 -0.745
-0.015 +0.023 +2.865 +0.022 -0.776
-0.012 +0.023 +2.790 +0.024 -0.753
-0.014 +0.024 +2.716 +0.015 -0.737
-0.016 +0.025 +2.642 +0.025 -0.740
-0.016 +0.028 +2.569 +0.025 -0.735
-0.019 +0.032 +2.497 +0.046 -0.713
-0.025 +0.038 +2.423 +0.091 -0.746
-0.034 +0.048 +2.345 +0.131 -0.782
-0.041 +0.060 +2.266 +0.138 -0.782
-0.050 +0.071 +2.188 +0.145 -0.786
-0.059 +0.082 +2.106 +0.147 -0.818
-0.067 +0.096 +2.022 +0.156 -0.836
-0.073 +0.111 +1.937 +0.159 -0.853
-0.077 +0.126 +1.851 +0.155 -0.861
-0.077 +0.142 +1.769 +0.166 -0.822
-0.077 +0.164 +1.693 +0.216 -0.759
-0.078 +0.187 +1.614 +0.232 -0.787
-0.077 +0.213 +1.538 +0.258 -0.756
-0.075 +0.239 +1.464 +0.261 -0.740
-0.076 +0.266 +1.388 +0.269 -0.767
-0.070 +0.294 +1.314 +0.284 -0.741
-0.065 +0.321 +1.243 +0.276 -0.710
-0.056 +0.344 +1.181 +0.254 -0.613
-0.045 +0.370 +1.132 +0.276 -0.492
-0.032 +0.393 +1.094 +0.266 -0.382
-0.021 +0.416 +1.063 +0.256 -0.306
-0.012 +0.438 +1.042 +0.242 -0.211
-0.002 +0.458 +1.028 +0.214 -0.145
+0.010 +0.477 +1.019 +0.234 -0.086
+0.021 +0.496 +1.010 +0.217 -0.087
+0.032 +0.515 +1.005 +0.216 -0.054
+0.043 +0.533 +1.001 +0.213 -0.044
+0.056 +0.549 +0.997 +0.206 -0.041
+0.065 +0.565 +0.991 +0.184 -0.052
+0.075 +0.581 +0.989 +0.194 -0.026
+0.086 +0.596 +0.986 +0.183 -0.025
+0.095 +0.612 +0.984 +0.180 -0.021
+0.101 +0.625 +0.981 +0.145 -0.032
+0.109 +0.637 +0.980 +0.147 -0.012
+0.119 +0.654 +0.980 +0.191 +0.008
+0.128 +0.666 +0.983 +0.154 +0.024
+0.138 +0.680 +0.986 +0.169 +0.035
+0.146 +0.693 +0.991 +0.157 +0.046
+0.156 +0.708 +0.996 +0.175 +0.047
+0.162 +0.720 +1.002 +0.137 +0.064
+0.170 +0.733 +1.010 +0.150 +0.084
+0.178 +0.745 +1.020 +0.143 +0.100
+0.184 +0.758 +1.029 +0.144 +0.089
+0.191 +0.768 +1.040 +0.127 +0.104
+0.199 +0.780 +1.052 +0.139 +0.123
+0.206 +0.791 +1.063 +0.130 +0.111
+0.209 +0.803 +1.073 +0.122 +0.102
+0.215 +0.813 +1.087 +0.123 +0.134
+0.219 +0.825 +1.101 +0.122 +0.139
+0.224 +0.836 +1.117 +0.118 +0.163
+0.229 +0.846 +1.132 +0.116 +0.148
+0.231 +0.855 +1.149 +0.093 +0.172
+0.236 +0.867 +1.168 +0.124 +0.195
+0.242 +0.877 +1.189 +0.121 +0.210
+0.247 +0.887 +1.207 +0.106 +0.171
+0.252 +0.895 +1.223 +0.099 +0.163
+0.255 +0.905 +1.239 +0.105 +0.163
+0.258 +0.914 +1.256 +0.091 +0.165
+0.259 +0.922 +1.273 +0.087 +0.174
+0.263 +0.933 +1.292 +0.111 +0.191
+0.267 +0.941 +1.314 +0.086 +0.214
+0.268 +0.949 +1.332 +0.078 +0.183
+0.269 +0.957 +1.351 +0.086 +0.188
+0.272 +0.968 +1.372 +0.112 +0.212
+0.273 +0.977 +1.391 +0.091 +0.191
+0.275 +0.985 +1.411 +0.088 +0.199
+0.273 +0.995 +1.430 +0.096 +0.194
+0.277 +1.004 +1.453 +0.095 +0.229
+0.279 +1.015 +1.475 +0.116 +0.221
+0.282 +1.024 +1.495 +0.091 +0.199
+0.280 +1.032 +1.516 +0.079 +0.206
+0.279 +1.040 +1.537 +0.086 +0.214
+0.279 +1.051 +1.559 +0.108 +0.219
+0.278 +1.060 +1.581 +0.089 +0.217
+0.278 +1.068 +1.604 +0.082 +0.235
+0.280 +1.078 +1.629 +0.098 +0.244
+0.281 +1.088 +1.655 +0.109 +0.258
+0.279 +1.098 +1.676 +0.101 +0.210
+0.278 +1.106 +1.698 +0.074 +0.225
+0.276 +1.116 +1.721 +0.110 +0.233
+0.273 +1.126 +1.746 +0.101 +0.249
+0.270 +1.136 +1.771 +0.099 +0.243
+0.268 +1.145 +1.793 +0.097 +0.223
+0.267 +1.157 +1.816 +0.115 +0.233
+0.265 +1.167 +1.839 +0.109 +0.230
+0.261 +1.178 +1.862 +0.108 +0.227
+0.261 +1.192 +1.888 +0.147 +0.265
+0.259 +1.201 +1.911 +0.092 +0.228
+0.257 +1.210 +1.934 +0.090 +0.223
+0.256 +1.216 +1.953 +0.064 +0.195
+0.251 +1.224 +1.976 +0.095 +0.232
+0.248 +1.232 +1.998 +0.080 +0.216
+0.245 +1.239 +2.020 +0.079 +0.218
+0.240 +1.247 +2.042 +0.095 +0.226
+0.235 +1.254 +2.063 +0.081 +0.209
+0.230 +1.262 +2.086 +0.097 +0.223
+0.224 +1.271 +2.106 +0.109 +0.203
+0.217 +1.281 +2.128 +0.119 +0.227
+0.212 +1.290 +2.152 +0.103 +0.235
+0.206 +1.295 +2.175 +0.082 +0.226
+0.201 +1.303 +2.196 +0.098 +0.217
+0.198 +1.310 +2.219 +0.076 +0.224
+0.193 +1.315 +2.236 +0.073 +0.177
+0.184 +1.320 +2.256 +0.097 +0.194
+0.176 +1.326 +2.272 +0.103 +0.160
+0.168 +1.332 +2.292 +0.099 +0.200
+0.160 +1.340 +2.311 +0.111 +0.191
+0.154 +1.349 +2.332 +0.110 +0.206
+0.150 +1.353 +2.353 +0.058 +0.210
+0.139 +1.360 +2.368 +0.124 +0.152
+0.132 +1.365 +2.389 +0.090 +0.212
+0.125 +1.372 +2.404 +0.101 +0.152
+0.118 +1.378 +2.423 +0.087 +0.192
+0.109 +1.379 +2.439 +0.097 +0.154
+0.103 +1.390 +2.459 +0.118 +0.206
+0.092 +1.392 +2.474 +0.118 +0.148
+0.081 +1.399 +2.491 +0.122 +0.171
+0.078 +1.409 +2.514 +0.104 +0.232
+0.067 +1.410 +2.529 +0.108 +0.141
+0.058 +1.415 +2.547 +0.108 +0.181
+0.051 +1.419 +2.564 +0.075 +0.169
+0.044 +1.426 +2.583 +0.102 +0.190
+0.036 +1.432 +2.599 +0.101 +0.166
+0.026 +1.435 +2.613 +0.101 +0.141
+0.018 +1.437 +2.627 +0.083 +0.136
+0.013 +1.442 +2.645 +0.075 +0.176
+0.003 +1.447 +2.662 +0.109 +0.171
-0.004 +1.450 +2.679 +0.077 +0.176
-0.012 +1.456 +2.697 +0.104 +0.173
-0.020 +1.459 +2.712 +0.083 +0.154
-0.030 +1.458 +2.725 +0.096 +0.127
-0.036 +1.463 +2.743 +0.079 +0.177
-0.044 +1.464 +2.758 +0.087 +0.156
-0.052 +1.468 +2.776 +0.088 +0.182
-0.061 +1.471 +2.792 +0.094 +0.155
-0.070 +1.472 +2.812 +0.086 +0.197
-0.078 +1.476 +2.830 +0.090 +0.180
-0.086 +1.478 +2.847 +0.084 +0.171
-0.095 +1.480 +2.865 +0.099 +0.179
-0.104 +1.483 +2.883 +0.087 +0.182
-0.113 +1.483 +2.898 +0.095 +0.156
-0.122 +1.485 +2.915 +0.094 +0.163
-0.132 +1.487 +2.931 +0.097 +0.164
-0.142 +1.489 +2.951 +0.104 +0.197
-0.152 +1.489 +2.970 +0.098 +0.189
-0.159 +1.490 +2.987 +0.076 +0.170
-0.168 +1.493 +3.005 +0.091 +0.186
-0.176 +1.494 +3.023 +0.087 +0.178
-0.187 +1.493 +3.043 +0.107 +0.200
-0.197 +1.493 +3.063 +0.095 +0.197
-0.205 +1.495 +3.082 +0.087 +0.194
-0.213 +1.494 +3.101 +0.083 +0.192
-0.223 +1.492 +3.120 +0.096 +0.184
-0.233 +1.493 +3.139 +0.105 +0.199
-0.242 +1.492 +3.159 +0.085 +0.191
-0.250 +1.492 +3.178 +0.083 +0.194
-0.263 +1.490 +3.199 +0.126 +0.206
-0.271 +1.491 +3.219 +0.085 +0.209
-0.281 +1.491 +3.238 +0.100 +0.183
-0.287 +1.492 +3.254 +0.061 +0.166
-0.295 +1.491 +3.270 +0.080 +0.160
-0.302 +1.491 +3.284 +0.072 +0.133
-0.308 +1.491 +3.296 +0.055 +0.128
-0.313 +1.491 +3.306 +0.054 +0.093
-0.318 +1.495 +3.320 +0.060 +0.145
-0.327 +1.493 +3.332 +0.090 +0.113
-0.334 +1.493 +3.350 +0.073 +0.186
-0.340 +1.489 +3.364 +0.073 +0.136
-0.348 +1.491 +3.379 +0.087 +0.158
-0.359 +1.487 +3.392 +0.115 +0.127
-0.365 +1.487 +3.411 +0.063 +0.188
-0.373 +1.483 +3.427 +0.091 +0.162
-0.379 +1.482 +3.446 +0.059 +0.187
-0.387 +1.480 +3.460 +0.079 +0.145
-0.396 +1.476 +3.477 +0.102 +0.172
-0.404 +1.472 +3.496 +0.086 +0.183
-0.413 +1.468 +3.515 +0.099 +0.192
-0.422 +1.464 +3.534 +0.097 +0.194
-0.430 +1.461 +3.554 +0.088 +0.202
-0.438 +1.458 +3.576 +0.081 +0.221
-0.445 +1.454 +3.596 +0.080 +0.196
-0.453 +1.450 +3.617 +0.094 +0.207
-0.461 +1.446 +3.636 +0.088 +0.197
-0.469 +1.441 +3.656 +0.092 +0.192
-0.476 +1.437 +3.674 +0.082 +0.181
-0.484 +1.434 +3.692 +0.086 +0.177
-0.493 +1.428 +3.713 +0.105 +0.216
-0.502 +1.423 +3.734 +0.111 +0.212
-0.509 +1.418 +3.755 +0.085 +0.203
-0.516 +1.412 +3.773 +0.092 +0.180
-0.524 +1.408 +3.791 +0.085 +0.184
-0.531 +1.402 +3.812 +0.098 +0.205
-0.538 +1.397 +3.833 +0.075 +0.212
-0.545 +1.392 +3.853 +0.096 +0.201
-0.552 +1.387 +3.870 +0.081 +0.177
-0.556 +1.382 +3.889 +0.068 +0.180
-0.564 +1.376 +3.908 +0.099 +0.196
-0.571 +1.370 +3.927 +0.084 +0.192
-0.577 +1.365 +3.947 +0.087 +0.193
-0.581 +1.359 +3.965 +0.071 +0.181
-0.588 +1.352 +3.985 +0.094 +0.199
-0.593 +1.345 +4.002 +0.083 +0.175
-0.597 +1.339 +4.021 +0.076 +0.187
-0.602 +1.333 +4.040 +0.083 +0.190
-0.608 +1.327 +4.061 +0.083 +0.207
-0.613 +1.318 +4.081 +0.103 +0.209
-0.619 +1.313 +4.101 +0.082 +0.198
-0.625 +1.305 +4.122 +0.095 +0.208
-0.629 +1.298 +4.142 +0.080 +0.200
-0.634 +1.288 +4.163 +0.112 +0.207
-0.638 +1.283 +4.182 +0.062 +0.188
-0.643 +1.275 +4.203 +0.092 +0.212
-0.648 +1.266 +4.224 +0.106 +0.209
-0.652 +1.259 +4.244 +0.080 +0.206
-0.656 +1.250 +4.264 +0.101 +0.198
-0.660 +1.241 +4.283 +0.097 +0.188
-0.664 +1.233 +4.302 +0.085 +0.197
-0.667 +1.225 +4.321 +0.089 +0.185
-0.671 +1.214 +4.340 +0.116 +0.186
-0.675 +1.207 +4.357 +0.078 +0.171
-0.677 +1.200 +4.373 +0.076 +0.166
-0.678 +1.190 +4.391 +0.099 +0.175
-0.682 +1.182 +4.410 +0.094 +0.196
-0.685 +1.173 +4.429 +0.091 +0.191
-0.686 +1.164 +4.448 +0.088 +0.189
-0.688 +1.154 +4.468 +0.100 +0.192
-0.691 +1.145 +4.485 +0.094 +0.174
-0.692 +1.138 +4.503 +0.077 +0.183
-0.692 +1.127 +4.523 +0.106 +0.194
-0.695 +1.120 +4.543 +0.078 +0.201
-0.698 +1.112 +4.559 +0.082 +0.166
-0.700 +1.103 +4.577 +0.093 +0.177
-0.701 +1.097 +4.595 +0.061 +0.183
-0.703 +1.087 +4.614 +0.103 +0.186
-0.701 +1.079 +4.631 +0.084 +0.166
-0.702 +1.071 +4.649 +0.079 +0.180
-0.701 +1.061 +4.666 +0.099 +0.171
-0.702 +1.049 +4.683 +0.119 +0.174
-0.702 +1.043 +4.701 +0.056 +0.178
-0.701 +1.036 +4.720 +0.071 +0.191
-0.701 +1.023 +4.740 +0.129 +0.198
-0.701 +1.014 +4.757 +0.097 +0.171
-0.701 +1.006 +4.774 +0.074 +0.174
-0.701 +0.998 +4.793 +0.080 +0.188
-0.698 +0.989 +4.813 +0.096 +0.195
-0.696 +0.982 +4.833 +0.071 +0.203
-0.694 +0.972 +4.854 +0.100 +0.209
-0.692 +0.966 +4.874 +0.069 +0.202
-0.689 +0.959 +4.894 +0.075 +0.201
-0.688 +0.949 +4.917 +0.102 +0.225
-0.686 +0.939 +4.940 +0.099 +0.230
-0.683 +0.929 +4.963 +0.106 +0.234
-0.682 +0.919 +4.984 +0.103 +0.206
-0.678 +0.910 +5.004 +0.091 +0.205
-0.676 +0.904 +5.025 +0.071 +0.210
-0.673 +0.895 +5.045 +0.090 +0.199
-0.668 +0.886 +5.065 +0.104 +0.198
-0.664 +0.877 +5.086 +0.095 +0.215
-0.658 +0.867 +5.107 +0.117 +0.201
-0.655 +0.858 +5.127 +0.098 +0.206
-0.650 +0.851 +5.147 +0.089 +0.198
-0.645 +0.843 +5.165 +0.089 +0.185
-0.641 +0.833 +5.186 +0.106 +0.204
-0.637 +0.827 +5.205 +0.072 +0.194
-0.633 +0.819 +5.224 +0.093 +0.190
-0.628 +0.811 +5.242 +0.090 +0.177
-0.624 +0.804 +5.260 +0.082 +0.180
-0.618 +0.796 +5.277 +0.104 +0.174
-0.613 +0.787 +5.296 +0.100 +0.183
-0.607 +0.781 +5.313 +0.083 +0.176
-0.603 +0.771 +5.331 +0.111 +0.175
-0.598 +0.764 +5.348 +0.089 +0.170
-0.592 +0.758 +5.364 +0.079 +0.160
-0.587 +0.752 +5.380 +0.085 +0.165
-0.579 +0.745 +5.399 +0.100 +0.186
-0.574 +0.738 +5.418 +0.089 +0.189
-0.568 +0.731 +5.436 +0.096 +0.185
-0.563 +0.726 +5.453 +0.070 +0.171
-0.557 +0.719 +5.471 +0.086 +0.175
-0.550 +0.715 +5.488 +0.083 +0.174
-0.544 +0.705 +5.506 +0.113 +0.179
-0.536 +0.701 +5.524 +0.086 +0.176
-0.529 +0.695 +5.542 +0.095 +0.180
-0.522 +0.689 +5.559 +0.092 +0.167
-0.515 +0.682 +5.577 +0.100 +0.181
-0.508 +0.676 +5.596 +0.094 +0.197
-0.500 +0.669 +5.615 +0.107 +0.185
-0.493 +0.663 +5.633 +0.089 +0.182
-0.486 +0.657 +5.650 +0.093 +0.167
-0.480 +0.653 +5.665 +0.068 +0.155
-0.474 +0.648 +5.683 +0.081 +0.178
-0.466 +0.644 +5.700 +0.086 +0.169
-0.458 +0.640 +5.716 +0.094 +0.161
-0.451 +0.636 +5.734 +0.080 +0.180
-0.442 +0.633 +5.750 +0.092 +0.164
-0.435 +0.627 +5.769 +0.091 +0.187
-0.427 +0.623 +5.785 +0.090 +0.160
-0.422 +0.619 +5.804 +0.066 +0.193
-0.415 +0.617 +5.832 +0.074 +0.278
-0.405 +0.610 +5.870 +0.115 +0.377
-0.393 +0.604 +5.899 +0.142 +0.292
-0.385 +0.600 +5.915 +0.087 +0.164
-0.379 +0.598 +5.929 +0.068 +0.139
-0.373 +0.596 +5.945 +0.065 +0.159
-0.365 +0.593 +5.956 +0.079 +0.110
-0.359 +0.588 +5.966 +0.078 +0.098
-0.349 +0.586 +5.974 +0.102 +0.077
-0.340 +0.585 +5.982 +0.089 +0.083
-0.333 +0.583 +5.988 +0.078 +0.057
-0.324 +0.580 +5.995 +0.095 +0.073
-0.316 +0.576 +6.005 +0.085 +0.096
-0.307 +0.576 +6.013 +0.094 +0.081
-0.298 +0.573 +6.021 +0.097 +0.085
-0.289 +0.573 +6.032 +0.084 +0.105
-0.280 +0.567 +6.043 +0.109 +0.112
-0.270 +0.568 +6.051 +0.097 +0.081
-0.262 +0.564 +6.062 +0.094 +0.110
-0.254 +0.564 +6.070 +0.076 +0.086
-0.243 +0.560 +6.082 +0.119 +0.120
-0.232 +0.562 +6.091 +0.113 +0.090
-0.224 +0.557 +6.103 +0.090 +0.115
-0.215 +0.557 +6.115 +0.094 +0.124
-0.207 +0.555 +6.130 +0.073 +0.144
-0.197 +0.555 +6.143 +0.104 +0.131
-0.190 +0.552 +6.158 +0.083 +0.155
-0.181 +0.551 +6.173 +0.087 +0.143
-0.174 +0.550 +6.188 +0.072 +0.157
-0.164 +0.549 +6.202 +0.102 +0.140
-0.156 +0.546 +6.218 +0.078 +0.156
-0.149 +0.546 +6.231 +0.074 +0.126
-0.139 +0.544 +6.247 +0.100 +0.169
-0.132 +0.543 +6.264 +0.074 +0.166
-0.124 +0.542 +0.001 +0.079 +0.205
-0.114 +0.543 +0.020 +0.098 +0.184
-0.106 +0.543 +0.036 +0.083 +0.166
-0.100 +0.545 +0.053 +0.064 +0.165
-0.093 +0.544 +0.070 +0.071 +0.171
-0.083 +0.544 +0.089 +0.092 +0.186
-0.074 +0.544 +0.109 +0.093 +0.199
-0.065 +0.544 +0.127 +0.087 +0.188
-0.057 +0.544 +0.141 +0.084 +0.139
-0.051 +0.543 +0.153 +0.055 +0.121
-0.047 +0.543 +0.160 +0.044 +0.063
-0.044 +0.543 +0.164 +0.028 +0.048
-0.039 +0.543 +0.171 +0.048 +0.064
-0.036 +0.543 +0.180 +0.037 +0.088
-0.030 +0.542 +0.188 +0.061 +0.084
-0.024 +0.543 +0.196 +0.059 +0.083
-0.019 +0.543 +0.207 +0.047 +0.104
-0.012 +0.543 +0.217 +0.071 +0.108
-0.007 +0.544 +0.229 +0.056 +0.118
-0.000 +0.546 +0.240 +0.067 +0.104
+0.007 +0.546 +0.254 +0.070 +0.139
+0.015 +0.547 +0.267 +0.083 +0.132
+0.020 +0.547 +0.279 +0.052 +0.123
+0.028 +0.548 +0.292 +0.080 +0.131
+0.035 +0.550 +0.307 +0.066 +0.153
+0.043 +0.551 +0.327 +0.085 +0.194
+0.050 +0.555 +0.347 +0.078 +0.205
+0.058 +0.559 +0.369 +0.094 +0.218
+0.068 +0.561 +0.392 +0.100 +0.224
+0.078 +0.564 +0.413 +0.099 +0.215
+0.087 +0.567 +0.436 +0.095 +0.226
+0.096 +0.571 +0.456 +0.104 +0.207
+0.104 +0.575 +0.476 +0.086 +0.202
+0.113 +0.580 +0.498 +0.099 +0.215
+0.120 +0.585 +0.520 +0.086 +0.216
+0.128 +0.589 +0.542 +0.091 +0.224
+0.138 +0.594 +0.564 +0.113 +0.223
+0.144 +0.601 +0.585 +0.086 +0.203
+0.151 +0.606 +0.602 +0.088 +0.179
+0.157 +0.612 +0.622 +0.082 +0.196
+0.166 +0.615 +0.644 +0.100 +0.223
+0.174 +0.621 +0.666 +0.100 +0.218
+0.184 +0.627 +0.687 +0.115 +0.207
+0.190 +0.632 +0.705 +0.080 +0.177
+0.195 +0.637 +0.724 +0.069 +0.198
+0.202 +0.643 +0.744 +0.096 +0.198
+0.209 +0.651 +0.764 +0.098 +0.195
+0.215 +0.657 +0.782 +0.091 +0.180
+0.223 +0.663 +0.800 +0.103 +0.179
+0.228 +0.669 +0.817 +0.077 +0.172
+0.235 +0.678 +0.835 +0.110 +0.182
+0.242 +0.686 +0.854 +0.106 +0.191
+0.246 +0.694 +0.872 +0.088 +0.174
+0.252 +0.699 +0.890 +0.079 +0.180
+0.255 +0.707 +0.906 +0.085 +0.164
+0.260 +0.715 +0.924 +0.089 +0.178
+0.266 +0.721 +0.941 +0.096 +0.176
+0.272 +0.728 +0.959 +0.084 +0.177
+0.278 +0.736 +0.978 +0.105 +0.190
+0.282 +0.742 +0.995 +0.070 +0.173
+0.287 +0.750 +1.013 +0.095 +0.181
+0.292 +0.759 +1.031 +0.099 +0.173
+0.298 +0.769 +1.048 +0.116 +0.178
+0.302 +0.776 +1.063 +0.079 +0.150
+0.306 +0.784 +1.079 +0.090 +0.156
+0.310 +0.790 +1.095 +0.073 +0.160
+0.315 +0.800 +1.112 +0.115 +0.172
+0.319 +0.807 +1.129 +0.078 +0.171
+0.323 +0.816 +1.146 +0.097 +0.166
+0.326 +0.824 +1.163 +0.085 +0.175
+0.330 +0.831 +1.182 +0.086 +0.187
+0.333 +0.839 +1.200 +0.087 +0.182
+0.336 +0.847 +1.219 +0.087 +0.189
+0.339 +0.856 +1.238 +0.089 +0.185
+0.341 +0.865 +1.255 +0.091 +0.170
+0.343 +0.873 +1.273 +0.087 +0.188
+0.346 +0.879 +1.292 +0.069 +0.190
+0.348 +0.889 +1.313 +0.101 +0.203
+0.351 +0.899 +1.331 +0.100 +0.186
+0.355 +0.907 +1.350 +0.089 +0.191
+0.357 +0.916 +1.367 +0.091 +0.167
+0.358 +0.924 +1.384 +0.083 +0.166
+0.359 +0.933 +1.400 +0.088 +0.167
+0.361 +0.942 +1.417 +0.094 +0.167
+0.363 +0.951 +1.436 +0.092 +0.185
+0.363 +0.961 +1.450 +0.107 +0.143
+0.365 +0.967 +1.467 +0.063 +0.173
+0.365 +0.975 +1.481 +0.076 +0.142
+0.366 +0.984 +1.497 +0.093 +0.158
+0.366 +0.992 +1.513 +0.077 +0.162
+0.366 +1.002 +1.528 +0.101 +0.144
+0.366 +1.010 +1.543 +0.083 +0.153
+0.366 +1.018 +1.558 +0.082 +0.152
+0.365 +1.027 +1.573 +0.089 +0.148
+0.366 +1.037 +1.588 +0.100 +0.148
+0.365 +1.045 +1.601 +0.077 +0.133
+0.365 +1.053 +1.616 +0.087 +0.148
+0.363 +1.062 +1.631 +0.088 +0.150
+0.363 +1.070 +1.645 +0.077 +0.143
+0.361 +1.078 +1.659 +0.080 +0.137
+0.360 +1.085 +1.674 +0.079 +0.145
+0.359 +1.095 +1.689 +0.093 +0.159
+0.359 +1.105 +1.705 +0.101 +0.159
+0.358 +1.112 +1.721 +0.075 +0.157
+0.357 +1.122 +1.737 +0.097 +0.158
+0.355 +1.130 +1.754 +0.084 +0.169
+0.354 +1.139 +1.772 +0.094 +0.185
+0.350 +1.148 +1.789 +0.091 +0.170
+0.349 +1.154 +1.807 +0.066 +0.181
+0.346 +1.164 +1.828 +0.100 +0.205
+0.344 +1.171 +1.847 +0.078 +0.191
+0.341 +1.179 +1.865 +0.084 +0.176
+0.337 +1.187 +1.882 +0.086 +0.176
+0.335 +1.194 +1.899 +0.077 +0.169
+0.333 +1.204 +1.916 +0.102 +0.167
+0.331 +1.212 +1.932 +0.081 +0.162
+0.327 +1.219 +1.951 +0.082 +0.192
+0.325 +1.227 +1.970 +0.079 +0.191
+0.322 +1.236 +1.987 +0.093 +0.168
+0.317 +1.243 +2.004 +0.089 +0.172
+0.315 +1.250 +2.022 +0.073 +0.175
+0.311 +1.259 +2.040 +0.098 +0.181
+0.306 +1.266 +2.058 +0.090 +0.180
+0.302 +1.274 +2.076 +0.088 +0.181
+0.300 +1.282 +2.094 +0.083 +0.177
+0.294 +1.289 +2.108 +0.094 +0.140
+0.290 +1.296 +2.126 +0.073 +0.178
+0.284 +1.304 +2.141 +0.098 +0.156
+0.279 +1.311 +2.158 +0.089 +0.171
+0.273 +1.319 +2.174 +0.101 +0.159
+0.268 +1.325 +2.190 +0.078 +0.160
+0.262 +1.330 +2.208 +0.083 +0.174
+0.257 +1.340 +2.227 +0.114 +0.189
+0.249 +1.347 +2.244 +0.095 +0.173
+0.243 +1.354 +2.262 +0.095 +0.178
+0.238 +1.362 +2.283 +0.095 +0.212
+0.229 +1.367 +2.301 +0.097 +0.184
+0.223 +1.372 +2.319 +0.080 +0.175
+0.217 +1.381 +2.338 +0.110 +0.191
+0.210 +1.389 +2.357 +0.101 +0.186
+0.204 +1.395 +2.375 +0.094 +0.187
+0.197 +1.400 +2.395 +0.086 +0.194
+0.190 +1.407 +2.414 +0.102 +0.198
+0.181 +1.413 +2.431 +0.106 +0.168
+0.174 +1.417 +2.448 +0.081 +0.171
+0.166 +1.424 +2.470 +0.106 +0.217
+0.156 +1.425 +2.486 +0.100 +0.160
+0.147 +1.432 +2.507 +0.120 +0.205
+0.135 +1.437 +2.527 +0.122 +0.200
+0.130 +1.443 +2.547 +0.088 +0.204
+0.120 +1.449 +2.566 +0.109 +0.189
+0.113 +1.451 +2.587 +0.078 +0.212
+0.105 +1.462 +2.613 +0.133 +0.257
+0.098 +1.468 +2.633 +0.094 +0.206
+0.088 +1.469 +2.650 +0.094 +0.170
+0.083 +1.472 +2.668 +0.062 +0.178
+0.074 +1.474 +2.687 +0.087 +0.184
+0.066 +1.479 +2.705 +0.098 +0.186
+0.058 +1.484 +2.724 +0.091 +0.189
+0.050 +1.487 +2.744 +0.086 +0.195
+0.041 +1.489 +2.760 +0.090 +0.166
+0.032 +1.492 +2.779 +0.098 +0.183
+0.024 +1.495 +2.799 +0.081 +0.208
+0.013 +1.496 +2.816 +0.119 +0.169
+0.004 +1.499 +2.835 +0.088 +0.189
-0.003 +1.500 +2.855 +0.076 +0.195
-0.013 +1.504 +2.874 +0.106 +0.194
-0.022 +1.506 +2.892 +0.095 +0.177
-0.030 +1.508 +2.911 +0.080 +0.190
-0.040 +1.508 +2.929 +0.097 +0.184
-0.049 +1.511 +2.949 +0.095 +0.195
-0.058 +1.511 +2.968 +0.088 +0.198
-0.067 +1.513 +2.988 +0.092 +0.200
-0.076 +1.513 +3.007 +0.092 +0.188
-0.086 +1.516 +3.025 +0.102 +0.181
-0.096 +1.517 +3.045 +0.102 +0.195
-0.106 +1.517 +3.064 +0.099 +0.190
-0.115 +1.517 +3.081 +0.089 +0.171
-0.124 +1.518 +3.098 +0.092 +0.169
-0.132 +1.518 +3.115 +0.085 +0.172
-0.143 +1.518 +3.133 +0.103 +0.178
-0.150 +1.517 +3.153 +0.072 +0.202
-0.162 +1.516 +3.169 +0.119 +0.160
-0.169 +1.515 +3.188 +0.076 +0.189
-0.180 +1.514 +3.204 +0.109 +0.161
-0.187 +1.512 +3.221 +0.078 +0.169
-0.198 +1.513 +3.240 +0.109 +0.187
-0.208 +1.513 +3.259 +0.097 +0.198
-0.219 +1.512 +3.279 +0.107 +0.194
-0.227 +1.511 +3.295 +0.085 +0.162
-0.233 +1.510 +3.312 +0.066 +0.168
-0.243 +1.508 +3.328 +0.094 +0.160
-0.250 +1.508 +3.346 +0.074 +0.179
-0.259 +1.506 +3.363 +0.091 +0.170
-0.266 +1.503 +3.378 +0.079 +0.158
-0.274 +1.503 +3.393 +0.079 +0.146
-0.282 +1.500 +3.409 +0.084 +0.158
-0.291 +1.497 +3.425 +0.091 +0.163
-0.298 +1.495 +3.442 +0.078 +0.167
-0.308 +1.493 +3.458 +0.101 +0.161
-0.318 +1.489 +3.474 +0.104 +0.160
-0.326 +1.485 +3.490 +0.093 +0.161
-0.335 +1.482 +3.505 +0.091 +0.153
-0.342 +1.479 +3.521 +0.076 +0.152
-0.351 +1.475 +3.536 +0.099 +0.150
-0.358 +1.471 +3.551 +0.079 +0.150
-0.366 +1.467 +3.565 +0.094 +0.142
-0.372 +1.463 +3.580 +0.070 +0.150
-0.381 +1.458 +3.595 +0.102 +0.151
-0.389 +1.455 +3.611 +0.089 +0.161
-0.395 +1.451 +3.626 +0.074 +0.149
-0.404 +1.446 +3.640 +0.097 +0.136
-0.411 +1.444 +3.655 +0.079 +0.158
-0.418 +1.438 +3.671 +0.093 +0.157
-0.427 +1.435 +3.684 +0.090 +0.132
-0.435 +1.432 +3.698 +0.090 +0.139
-0.441 +1.424 +3.712 +0.094 +0.142
-0.449 +1.420 +3.726 +0.093 +0.137
-0.455 +1.414 +3.740 +0.081 +0.137
-0.463 +1.410 +3.755 +0.091 +0.154
-0.469 +1.405 +3.769 +0.077 +0.135
-0.476 +1.400 +3.784 +0.087 +0.153
-0.484 +1.395 +3.798 +0.092 +0.136
-0.490 +1.390 +3.812 +0.082 +0.147
-0.495 +1.385 +3.826 +0.071 +0.135
-0.502 +1.380 +3.841 +0.086 +0.150
-0.510 +1.376 +3.857 +0.083 +0.162
-0.516 +1.369 +3.873 +0.093 +0.162
-0.523 +1.364 +3.889 +0.083 +0.161
-0.530 +1.357 +3.904 +0.098 +0.150
-0.537 +1.352 +3.920 +0.089 +0.158
-0.542 +1.345 +3.936 +0.084 +0.158
-0.549 +1.340 +3.951 +0.084 +0.154
-0.553 +1.333 +3.968 +0.081 +0.170
-0.562 +1.327 +3.984 +0.107 +0.161
-0.566 +1.320 +3.999 +0.083 +0.149
-0.573 +1.314 +4.017 +0.093 +0.172
-0.578 +1.306 +4.035 +0.096 +0.183
-0.582 +1.301 +4.053 +0.064 +0.184
-0.589 +1.293 +4.070 +0.106 +0.170
-0.595 +1.286 +4.085 +0.092 +0.151
-0.601 +1.279 +4.102 +0.093 +0.167
-0.604 +1.273 +4.119 +0.066 +0.173
-0.609 +1.263 +4.136 +0.108 +0.167
-0.614 +1.257 +4.152 +0.079 +0.161
-0.619 +1.249 +4.169 +0.095 +0.169
-0.621 +1.242 +4.185 +0.073 +0.165
-0.625 +1.234 +4.204 +0.091 +0.182
-0.628 +1.228 +4.222 +0.066 +0.186
-0.632 +1.218 +4.241 +0.107 +0.193
-0.636 +1.210 +4.263 +0.087 +0.212
-0.640 +1.203 +4.282 +0.081 +0.196
-0.643 +1.192 +4.302 +0.120 +0.199
-0.647 +1.183 +4.320 +0.093 +0.176
-0.651 +1.175 +4.340 +0.089 +0.197
-0.653 +1.169 +4.357 +0.066 +0.171
-0.656 +1.160 +4.379 +0.091 +0.221
-0.659 +1.150 +4.401 +0.105 +0.221
-0.662 +1.143 +4.422 +0.076 +0.208
-0.666 +1.133 +4.444 +0.108 +0.223
-0.667 +1.125 +4.466 +0.081 +0.223
-0.669 +1.117 +4.492 +0.086 +0.257
-0.671 +1.108 +4.518 +0.086 +0.254
-0.674 +1.098 +4.540 +0.107 +0.225
-0.676 +1.090 +4.562 +0.088 +0.223
-0.677 +1.084 +4.583 +0.058 +0.207
-0.679 +1.076 +4.605 +0.085 +0.221
-0.680 +1.066 +4.627 +0.095 +0.218
-0.681 +1.057 +4.649 +0.098 +0.222
-0.683 +1.050 +4.667 +0.072 +0.183
-0.682 +1.041 +4.685 +0.092 +0.176
-0.683 +1.033 +4.703 +0.072 +0.180
-0.682 +1.025 +4.723 +0.083 +0.196
-0.681 +1.014 +4.742 +0.109 +0.197
-0.681 +1.009 +4.769 +0.058 +0.268
-0.683 +1.002 +4.814 +0.065 +0.453
-0.678 +0.986 +4.859 +0.166 +0.448
-0.676 +0.979 +4.890 +0.079 +0.310
-0.672 +0.971 +4.901 +0.080 +0.106
-0.673 +0.973 +4.898 +0.016 -0.028
-0.675 +0.971 +4.897 +0.020 -0.014
-0.674 +0.973 +4.897 +0.021 +0.007
-0.674 +0.973 +4.897 +0.002 -0.004
-0.673 +0.974 +4.897 +0.007 -0.002
-0.672 +0.973 +4.897 +0.017 +0.004
-0.672 +0.973 +4.897 +0.005 -0.003
-0.670 +0.973 +4.896 +0.016 -0.005
-0.671 +0.972 +4.898 +0.011 +0.013
-0.671 +0.972 +4.897 +0.006 -0.011
-0.670 +0.972 +4.897 +0.012 +0.001
-0.670 +0.973 +4.897 +0.008 -0.000
-0.670 +0.974 +4.896 +0.008 -0.010
-0.669 +0.974 +4.896 +0.003 +0.002
-0.669 +0.976 +4.895 +0.026 -0.009
-0.669 +0.975 +4.895 +0.017 +0.003
-0.669 +0.977 +4.895 +0.018 -0.005
-0.669 +0.977 +4.894 +0.006 -0.003
-0.667 +0.981 +4.893 +0.048 -0.012
-0.667 +0.984 +4.893 +0.029 -0.003
-0.668 +0.986 +4.892 +0.025 -0.007
-0.667 +0.987 +4.891 +0.014 -0.009
-0.667 +0.990 +4.889 +0.027 -0.026
-0.668 +0.987 +4.892 +0.027 +0.029
-0.667 +0.985 +4.892 +0.020 +0.007
-0.667 +0.983 +4.893 +0.022 +0.009
-0.667 +0.983 +4.893 +0.006 -0.004
-0.668 +0.985 +4.894 +0.028 +0.007
-0.668 +0.988 +4.894 +0.027 +0.000
-0.668 +0.991 +4.894 +0.030 +0.006
-0.668 +0.988 +4.894 +0.027 -0.007
-0.670 +0.982 +4.894 +0.064 -0.000
-0.673 +0.971 +4.895 +0.112 +0.014
-0.673 +0.969 +4.895 +0.024 +0.001
-0.674 +0.971 +4.894 +0.023 -0.008
-0.673 +0.968 +4.896 +0.031 +0.014
-0.673 +0.973 +4.894 +0.045 -0.012
-0.673 +0.970 +4.896 +0.026 +0.012
-0.671 +0.974 +4.894 +0.043 -0.014
-0.669 +0.978 +4.893 +0.047 -0.011
-0.669 +0.980 +4.891 +0.016 -0.018
-0.671 +0.973 +4.895 +0.075 +0.033
-0.672 +0.975 +4.894 +0.019 -0.001
-0.674 +0.967 +4.897 +0.079 +0.021
-0.672 +0.975 +4.894 +0.084 -0.028
-0.672 +0.969 +4.896 +0.061 +0.020
