+0.003 -0.002 +3.112 +0.013 +0.004
+0.003 -0.001 +3.112 +0.009 +0.002
+0.002 -0.001 +3.112 +0.007 -0.002
+0.002 -0.002 +3.112 +0.008 -0.003
-0.001 -0.001 +3.111 +0.028 -0.004
+0.001 -0.002 +3.112 +0.014 +0.008
+0.004 -0.002 +3.112 +0.031 +0.004
+0.003 -0.002 +3.112 +0.010 +0.002
+0.003 -0.003 +3.112 +0.008 -0.001
+0.002 -0.002 +3.112 +0.010 -0.000
+0.002 -0.003 +3.112 +0.003 -0.003
+0.003 -0.003 +3.111 +0.008 -0.007
+0.003 -0.002 +3.112 +0.014 +0.006
+0.003 -0.003 +3.112 +0.010 +0.003
+0.003 -0.002 +3.113 +0.007 +0.002
+0.002 -0.003 +3.112 +0.019 -0.004
+0.003 -0.002 +3.112 +0.009 +0.003
-0.001 -0.001 +3.106 +0.039 -0.068
-0.002 +0.000 +3.093 +0.019 -0.130
-0.007 +0.004 +3.069 +0.060 -0.239
-0.015 +0.007 +3.030 +0.081 -0.387
-0.019 +0.007 +2.986 +0.042 -0.446
-0.025 +0.009 +2.936 +0.066 -0.492
-0.036 +0.009 +2.883 +0.104 -0.533
-0.039 +0.011 +2.826 +0.041 -0.566
-0.046 +0.012 +2.760 +0.073 -0.660
-0.052 +0.013 +2.689 +0.060 -0.717
-0.054 +0.016 +2.616 +0.031 -0.725
-0.052 +0.015 +2.543 +0.016 -0.730
-0.052 +0.017 +2.471 +0.016 -0.725
-0.051 +0.019 +2.402 +0.026 -0.686
-0.050 +0.021 +2.333 +0.026 -0.696
-0.050 +0.027 +2.261 +0.059 -0.715
-0.051 +0.031 +2.188 +0.040 -0.732
-0.054 +0.038 +2.114 +0.074 -0.739
-0.056 +0.046 +2.039 +0.086 -0.750
-0.059 +0.056 +1.961 +0.108 -0.779
-0.062 +0.072 +1.885 +0.157 -0.762
-0.072 +0.088 +1.802 +0.186 -0.833
-0.073 +0.101 +1.718 +0.134 -0.831
-0.042 +0.139 +1.653 +0.485 -0.656
-0.039 +0.159 +1.566 +0.206 -0.873
-0.035 +0.179 +1.474 +0.204 -0.920
-0.033 +0.198 +1.391 +0.187 -0.822
-0.036 +0.226 +1.315 +0.288 -0.764
-0.029 +0.252 +1.240 +0.267 -0.753
-0.023 +0.286 +1.158 +0.347 -0.818
-0.014 +0.308 +1.080 +0.243 -0.777
-0.000 +0.336 +1.006 +0.302 -0.744
+0.013 +0.364 +0.939 +0.311 -0.669
+0.029 +0.384 +0.884 +0.257 -0.545
+0.044 +0.402 +0.840 +0.234 -0.443
+0.060 +0.421 +0.806 +0.257 -0.335
+0.078 +0.442 +0.783 +0.273 -0.238
+0.095 +0.462 +0.765 +0.257 -0.174
+0.115 +0.478 +0.753 +0.259 -0.122
+0.132 +0.493 +0.748 +0.226 -0.051
+0.147 +0.507 +0.747 +0.201 -0.014
+0.165 +0.524 +0.755 +0.251 +0.080
+0.183 +0.542 +0.757 +0.252 +0.027
+0.200 +0.554 +0.764 +0.213 +0.064
+0.216 +0.570 +0.763 +0.231 -0.006
+0.229 +0.585 +0.767 +0.194 +0.039
+0.243 +0.599 +0.774 +0.198 +0.071
+0.256 +0.611 +0.780 +0.170 +0.059
+0.268 +0.618 +0.788 +0.141 +0.082
+0.280 +0.631 +0.793 +0.180 +0.050
+0.292 +0.645 +0.806 +0.186 +0.132
+0.304 +0.651 +0.817 +0.132 +0.105
+0.315 +0.661 +0.825 +0.144 +0.085
+0.325 +0.684 +0.836 +0.255 +0.108
+0.336 +0.696 +0.848 +0.163 +0.120
+0.347 +0.713 +0.861 +0.203 +0.129
+0.357 +0.722 +0.874 +0.134 +0.132
+0.366 +0.736 +0.885 +0.168 +0.106
+0.373 +0.749 +0.899 +0.147 +0.138
+0.381 +0.754 +0.913 +0.094 +0.145
+0.389 +0.766 +0.928 +0.147 +0.147
+0.396 +0.774 +0.943 +0.104 +0.147
+0.404 +0.784 +0.957 +0.123 +0.147
+0.411 +0.793 +0.972 +0.119 +0.152
+0.415 +0.804 +0.988 +0.114 +0.157
+0.422 +0.815 +1.006 +0.126 +0.184
+0.428 +0.821 +1.025 +0.087 +0.187
+0.434 +0.829 +1.043 +0.105 +0.176
+0.439 +0.842 +1.061 +0.141 +0.178
+0.445 +0.851 +1.082 +0.102 +0.218
+0.451 +0.859 +1.105 +0.101 +0.230
+0.453 +0.870 +1.126 +0.107 +0.209
+0.457 +0.879 +1.151 +0.100 +0.250
+0.460 +0.889 +1.178 +0.105 +0.264
+0.464 +0.899 +1.204 +0.110 +0.268
+0.467 +0.911 +1.231 +0.121 +0.266
+0.469 +0.921 +1.258 +0.099 +0.269
+0.472 +0.930 +1.283 +0.101 +0.247
+0.476 +0.936 +1.310 +0.076 +0.274
+0.478 +0.950 +1.337 +0.138 +0.266
+0.483 +0.959 +1.360 +0.104 +0.238
+0.485 +0.969 +1.385 +0.100 +0.240
+0.486 +0.979 +1.409 +0.095 +0.246
+0.489 +0.988 +1.433 +0.098 +0.238
+0.490 +0.994 +1.461 +0.058 +0.278
+0.491 +1.006 +1.485 +0.124 +0.244
+0.494 +1.015 +1.512 +0.095 +0.270
+0.494 +1.024 +1.539 +0.092 +0.266
+0.495 +1.035 +1.566 +0.105 +0.272
+0.495 +1.045 +1.593 +0.103 +0.268
+0.494 +1.056 +1.616 +0.110 +0.239
+0.498 +1.066 +1.644 +0.107 +0.273
+0.494 +1.076 +1.669 +0.112 +0.249
+0.495 +1.083 +1.698 +0.067 +0.293
+0.494 +1.092 +1.727 +0.094 +0.287
+0.494 +1.102 +1.755 +0.096 +0.287
+0.491 +1.111 +1.783 +0.097 +0.273
+0.489 +1.122 +1.806 +0.119 +0.236
+0.487 +1.135 +1.831 +0.123 +0.251
+0.484 +1.144 +1.856 +0.094 +0.241
+0.474 +1.155 +1.880 +0.155 +0.242
+0.475 +1.161 +1.906 +0.061 +0.264
+0.467 +1.174 +1.929 +0.152 +0.230
+0.460 +1.184 +1.954 +0.121 +0.252
+0.457 +1.193 +1.980 +0.090 +0.252
+0.450 +1.202 +2.003 +0.117 +0.233
+0.448 +1.210 +2.027 +0.085 +0.244
+0.444 +1.216 +2.053 +0.072 +0.252
+0.438 +1.224 +2.077 +0.095 +0.249
+0.436 +1.233 +2.102 +0.087 +0.244
+0.432 +1.239 +2.125 +0.081 +0.232
+0.425 +1.247 +2.145 +0.105 +0.200
+0.421 +1.254 +2.167 +0.072 +0.220
+0.415 +1.263 +2.188 +0.115 +0.207
+0.409 +1.273 +2.207 +0.115 +0.189
+0.402 +1.284 +2.224 +0.134 +0.170
+0.396 +1.287 +2.244 +0.069 +0.202
+0.392 +1.295 +2.263 +0.085 +0.193
+0.385 +1.308 +2.280 +0.147 +0.170
+0.378 +1.314 +2.300 +0.094 +0.199
+0.370 +1.321 +2.316 +0.107 +0.163
+0.363 +1.327 +2.336 +0.091 +0.202
+0.356 +1.335 +2.353 +0.106 +0.164
+0.347 +1.345 +2.367 +0.136 +0.144
+0.342 +1.351 +2.386 +0.077 +0.190
+0.332 +1.355 +2.402 +0.105 +0.161
+0.320 +1.362 +2.420 +0.133 +0.173
+0.310 +1.368 +2.439 +0.120 +0.198
+0.294 +1.372 +2.457 +0.167 +0.175
+0.288 +1.381 +2.474 +0.110 +0.168
+0.281 +1.388 +2.488 +0.101 +0.143
+0.273 +1.392 +2.502 +0.086 +0.137
+0.272 +1.397 +2.516 +0.051 +0.138
+0.263 +1.402 +2.529 +0.105 +0.136
+0.258 +1.409 +2.548 +0.086 +0.186
+0.245 +1.413 +2.563 +0.128 +0.157
+0.236 +1.419 +2.581 +0.111 +0.174
+0.224 +1.425 +2.597 +0.135 +0.161
+0.215 +1.431 +2.613 +0.112 +0.164
+0.204 +1.436 +2.631 +0.119 +0.180
+0.197 +1.439 +2.647 +0.077 +0.161
+0.193 +1.443 +2.666 +0.053 +0.189
+0.182 +1.449 +2.686 +0.131 +0.196
+0.172 +1.453 +2.704 +0.109 +0.176
+0.162 +1.459 +2.724 +0.114 +0.206
+0.153 +1.462 +2.743 +0.099 +0.192
+0.148 +1.464 +2.762 +0.049 +0.192
+0.134 +1.466 +2.782 +0.140 +0.197
+0.131 +1.468 +2.801 +0.040 +0.189
+0.118 +1.469 +2.819 +0.134 +0.176
+0.113 +1.469 +2.835 +0.049 +0.159
+0.099 +1.473 +2.855 +0.140 +0.208
+0.094 +1.473 +2.873 +0.055 +0.176
+0.083 +1.476 +2.891 +0.110 +0.182
+0.073 +1.480 +2.913 +0.115 +0.217
+0.065 +1.482 +2.933 +0.080 +0.199
+0.051 +1.487 +2.953 +0.146 +0.198
+0.044 +1.486 +2.971 +0.072 +0.187
+0.040 +1.486 +2.993 +0.038 +0.217
+0.027 +1.486 +3.010 +0.130 +0.175
+0.017 +1.489 +3.034 +0.105 +0.236
+0.008 +1.489 +3.054 +0.093 +0.200
-0.000 +1.494 +3.079 +0.091 +0.244
-0.018 +1.491 +3.098 +0.179 +0.193
-0.026 +1.492 +3.120 +0.079 +0.226
-0.032 +1.493 +3.141 +0.063 +0.203
-0.040 +1.494 +3.162 +0.082 +0.217
-0.053 +1.493 +3.184 +0.133 +0.220
-0.064 +1.489 +3.207 +0.109 +0.222
-0.072 +1.490 +3.229 +0.089 +0.224
-0.083 +1.487 +3.253 +0.115 +0.241
-0.093 +1.487 +3.279 +0.098 +0.256
-0.104 +1.485 +3.301 +0.114 +0.220
-0.116 +1.482 +3.323 +0.119 +0.221
-0.127 +1.481 +3.346 +0.116 +0.233
-0.139 +1.478 +3.366 +0.120 +0.200
-0.145 +1.480 +3.390 +0.059 +0.240
-0.154 +1.476 +3.412 +0.102 +0.217
-0.160 +1.472 +3.435 +0.072 +0.231
-0.167 +1.469 +3.458 +0.080 +0.227
-0.184 +1.466 +3.482 +0.164 +0.242
-0.193 +1.461 +3.505 +0.103 +0.233
-0.199 +1.459 +3.526 +0.066 +0.205
-0.210 +1.456 +3.548 +0.112 +0.225
-0.221 +1.450 +3.570 +0.130 +0.222
-0.228 +1.445 +3.592 +0.087 +0.214
-0.237 +1.443 +3.613 +0.084 +0.213
-0.244 +1.441 +3.635 +0.079 +0.221
-0.252 +1.438 +3.656 +0.086 +0.208
-0.258 +1.434 +3.677 +0.073 +0.215
-0.264 +1.429 +3.697 +0.080 +0.194
-0.271 +1.424 +3.717 +0.079 +0.199
-0.282 +1.419 +3.739 +0.122 +0.222
-0.287 +1.414 +3.760 +0.074 +0.215
-0.297 +1.409 +3.783 +0.112 +0.228
-0.304 +1.404 +3.803 +0.088 +0.199
-0.310 +1.398 +3.821 +0.083 +0.183
-0.319 +1.392 +3.841 +0.103 +0.198
-0.325 +1.385 +3.863 +0.099 +0.218
-0.333 +1.378 +3.886 +0.106 +0.230
-0.340 +1.370 +3.909 +0.101 +0.231
-0.349 +1.363 +3.932 +0.112 +0.226
-0.357 +1.355 +3.951 +0.111 +0.196
-0.362 +1.348 +3.970 +0.088 +0.184
-0.368 +1.340 +3.990 +0.104 +0.199
-0.375 +1.331 +4.011 +0.111 +0.215
-0.383 +1.324 +4.032 +0.107 +0.209
-0.391 +1.316 +4.050 +0.108 +0.183
-0.398 +1.308 +4.069 +0.105 +0.188
-0.401 +1.300 +4.089 +0.090 +0.196
-0.408 +1.293 +4.110 +0.100 +0.212
-0.415 +1.284 +4.130 +0.110 +0.205
-0.421 +1.277 +4.151 +0.097 +0.202
-0.426 +1.268 +4.170 +0.103 +0.198
-0.431 +1.259 +4.190 +0.101 +0.194
-0.437 +1.249 +4.211 +0.114 +0.214
-0.443 +1.241 +4.232 +0.103 +0.204
-0.449 +1.232 +4.250 +0.107 +0.180
-0.452 +1.222 +4.269 +0.100 +0.189
-0.458 +1.212 +4.288 +0.121 +0.194
-0.465 +1.205 +4.309 +0.100 +0.206
-0.465 +1.194 +4.327 +0.105 +0.190
-0.469 +1.182 +4.346 +0.128 +0.189
-0.471 +1.172 +4.367 +0.099 +0.203
-0.474 +1.161 +4.388 +0.115 +0.209
-0.479 +1.152 +4.407 +0.101 +0.198
-0.481 +1.144 +4.427 +0.091 +0.195
-0.484 +1.134 +4.446 +0.099 +0.187
-0.487 +1.125 +4.464 +0.101 +0.186
-0.488 +1.116 +4.483 +0.089 +0.188
-0.488 +1.105 +4.503 +0.104 +0.203
-0.491 +1.097 +4.522 +0.085 +0.188
-0.491 +1.084 +4.543 +0.136 +0.212
-0.494 +1.073 +4.565 +0.106 +0.214
-0.495 +1.063 +4.582 +0.100 +0.177
-0.494 +1.056 +4.601 +0.076 +0.182
-0.496 +1.047 +4.622 +0.094 +0.213
-0.494 +1.037 +4.642 +0.100 +0.199
-0.497 +1.024 +4.663 +0.129 +0.214
-0.498 +1.014 +4.681 +0.107 +0.177
-0.497 +1.004 +4.698 +0.097 +0.169
-0.498 +0.995 +4.716 +0.093 +0.178
-0.496 +0.984 +4.735 +0.107 +0.193
-0.495 +0.973 +4.755 +0.114 +0.197
-0.495 +0.962 +4.771 +0.106 +0.165
-0.493 +0.952 +4.792 +0.109 +0.209
-0.491 +0.940 +4.811 +0.121 +0.183
-0.490 +0.929 +4.829 +0.107 +0.180
-0.491 +0.921 +4.847 +0.086 +0.185
-0.490 +0.908 +4.864 +0.130 +0.173
-0.486 +0.899 +4.881 +0.095 +0.167
-0.487 +0.888 +4.900 +0.110 +0.192
-0.486 +0.881 +4.918 +0.073 +0.179
-0.484 +0.872 +4.936 +0.089 +0.178
-0.484 +0.866 +4.955 +0.063 +0.193
-0.482 +0.860 +4.972 +0.064 +0.162
-0.478 +0.847 +4.993 +0.128 +0.214
-0.479 +0.843 +5.013 +0.044 +0.197
-0.477 +0.833 +5.033 +0.097 +0.199
-0.473 +0.826 +5.051 +0.092 +0.184
-0.472 +0.817 +5.071 +0.088 +0.198
-0.470 +0.808 +5.091 +0.086 +0.197
-0.467 +0.802 +5.108 +0.071 +0.176
-0.462 +0.793 +5.128 +0.097 +0.202
-0.458 +0.788 +5.148 +0.075 +0.199
-0.456 +0.778 +5.171 +0.100 +0.231
-0.449 +0.770 +5.193 +0.101 +0.218
-0.444 +0.762 +5.217 +0.103 +0.236
-0.446 +0.755 +5.246 +0.068 +0.290
-0.435 +0.746 +5.262 +0.135 +0.165
-0.435 +0.739 +5.292 +0.077 +0.297
-0.422 +0.725 +5.308 +0.186 +0.164
-0.420 +0.715 +5.335 +0.103 +0.264
-0.412 +0.708 +5.355 +0.105 +0.203
-0.404 +0.700 +5.375 +0.112 +0.201
-0.400 +0.691 +5.398 +0.099 +0.232
-0.395 +0.683 +5.421 +0.089 +0.232
-0.385 +0.676 +5.440 +0.124 +0.185
-0.373 +0.669 +5.458 +0.139 +0.180
-0.366 +0.661 +5.479 +0.112 +0.210
-0.361 +0.653 +5.500 +0.091 +0.206
-0.352 +0.646 +5.517 +0.112 +0.175
-0.344 +0.637 +5.538 +0.124 +0.210
-0.337 +0.629 +5.554 +0.107 +0.162
-0.330 +0.622 +5.576 +0.098 +0.218
-0.322 +0.615 +5.593 +0.099 +0.172
-0.315 +0.610 +5.614 +0.088 +0.211
-0.305 +0.603 +5.637 +0.127 +0.223
-0.296 +0.596 +5.658 +0.109 +0.211
-0.289 +0.591 +5.679 +0.087 +0.218
-0.283 +0.586 +5.701 +0.081 +0.221
-0.276 +0.579 +5.722 +0.098 +0.203
-0.268 +0.575 +5.742 +0.086 +0.200
-0.260 +0.570 +5.765 +0.100 +0.233
-0.250 +0.566 +5.785 +0.109 +0.199
-0.243 +0.562 +5.807 +0.082 +0.225
-0.235 +0.558 +5.830 +0.083 +0.229
-0.225 +0.553 +5.853 +0.113 +0.230
-0.217 +0.550 +5.874 +0.089 +0.206
-0.207 +0.547 +5.894 +0.107 +0.201
-0.200 +0.542 +5.915 +0.076 +0.206
-0.190 +0.540 +5.936 +0.103 +0.218
-0.179 +0.534 +5.956 +0.123 +0.197
-0.170 +0.531 +5.977 +0.098 +0.208
-0.162 +0.529 +5.992 +0.079 +0.153
-0.152 +0.528 +6.010 +0.108 +0.178
-0.142 +0.525 +6.026 +0.106 +0.160
-0.133 +0.523 +6.043 +0.087 +0.168
-0.125 +0.520 +6.061 +0.089 +0.185
-0.116 +0.517 +6.078 +0.091 +0.167
-0.107 +0.516 +6.094 +0.092 +0.164
-0.097 +0.514 +6.111 +0.102 +0.165
-0.089 +0.511 +6.125 +0.088 +0.145
-0.080 +0.507 +6.141 +0.093 +0.155
-0.072 +0.507 +6.156 +0.080 +0.150
-0.064 +0.504 +6.170 +0.089 +0.142
-0.053 +0.503 +6.183 +0.106 +0.134
-0.046 +0.504 +6.199 +0.071 +0.156
-0.038 +0.500 +6.213 +0.089 +0.140
-0.031 +0.507 +6.233 +0.103 +0.197
-0.025 +0.502 +6.246 +0.080 +0.136
-0.019 +0.500 +6.272 +0.062 +0.252
-0.012 +0.499 +0.022 +0.072 +0.341
-0.007 +0.499 +0.075 +0.049 +0.527
+0.006 +0.499 +0.121 +0.125 +0.457
+0.017 +0.498 +0.150 +0.117 +0.286
+0.024 +0.500 +0.172 +0.069 +0.224
+0.032 +0.500 +0.194 +0.079 +0.224
+0.039 +0.501 +0.214 +0.078 +0.195
+0.050 +0.503 +0.231 +0.109 +0.169
+0.060 +0.506 +0.247 +0.100 +0.160
+0.071 +0.508 +0.260 +0.111 +0.134
+0.076 +0.510 +0.276 +0.058 +0.160
+0.086 +0.513 +0.289 +0.102 +0.128
+0.098 +0.518 +0.299 +0.126 +0.106
+0.107 +0.520 +0.313 +0.100 +0.137
+0.117 +0.523 +0.328 +0.103 +0.144
+0.124 +0.523 +0.341 +0.071 +0.133
+0.135 +0.526 +0.352 +0.110 +0.113
+0.144 +0.531 +0.365 +0.102 +0.132
+0.155 +0.536 +0.380 +0.121 +0.151
+0.164 +0.542 +0.394 +0.109 +0.137
+0.171 +0.544 +0.412 +0.078 +0.177
+0.180 +0.550 +0.423 +0.104 +0.111
+0.192 +0.553 +0.437 +0.117 +0.139
+0.197 +0.557 +0.449 +0.071 +0.124
+0.206 +0.561 +0.464 +0.101 +0.150
+0.215 +0.568 +0.479 +0.116 +0.149
+0.222 +0.569 +0.497 +0.069 +0.178
+0.228 +0.573 +0.514 +0.073 +0.168
+0.238 +0.577 +0.528 +0.109 +0.141
+0.248 +0.586 +0.544 +0.131 +0.158
+0.255 +0.592 +0.560 +0.097 +0.168
+0.265 +0.596 +0.577 +0.105 +0.161
+0.271 +0.604 +0.592 +0.097 +0.153
+0.280 +0.612 +0.607 +0.119 +0.150
+0.288 +0.622 +0.625 +0.130 +0.181
+0.296 +0.624 +0.638 +0.085 +0.131
+0.303 +0.629 +0.655 +0.090 +0.166
+0.311 +0.634 +0.670 +0.097 +0.154
+0.319 +0.640 +0.687 +0.097 +0.166
+0.328 +0.648 +0.700 +0.116 +0.135
+0.330 +0.664 +0.724 +0.167 +0.238
+0.339 +0.659 +0.735 +0.105 +0.108
+0.348 +0.668 +0.750 +0.128 +0.155
+0.354 +0.673 +0.770 +0.072 +0.198
+0.362 +0.682 +0.786 +0.124 +0.162
+0.370 +0.689 +0.806 +0.110 +0.195
+0.375 +0.698 +0.826 +0.104 +0.199
+0.381 +0.703 +0.848 +0.073 +0.228
+0.386 +0.713 +0.868 +0.115 +0.196
+0.393 +0.719 +0.889 +0.097 +0.209
+0.400 +0.725 +0.909 +0.092 +0.198
+0.405 +0.733 +0.927 +0.087 +0.186
+0.411 +0.739 +0.948 +0.088 +0.209
+0.418 +0.747 +0.969 +0.102 +0.203
+0.421 +0.755 +0.988 +0.089 +0.193
+0.425 +0.762 +1.010 +0.089 +0.219
+0.431 +0.769 +1.033 +0.088 +0.232
+0.436 +0.780 +1.053 +0.114 +0.198
+0.441 +0.787 +1.073 +0.091 +0.199
+0.447 +0.793 +1.093 +0.080 +0.200
+0.450 +0.804 +1.115 +0.112 +0.221
+0.456 +0.812 +1.135 +0.098 +0.203
+0.459 +0.822 +1.161 +0.106 +0.255
+0.463 +0.834 +1.183 +0.127 +0.225
+0.469 +0.847 +1.204 +0.146 +0.210
+0.474 +0.859 +1.227 +0.127 +0.226
+0.474 +0.873 +1.248 +0.142 +0.213
+0.479 +0.880 +1.272 +0.084 +0.240
+0.481 +0.889 +1.293 +0.091 +0.210
+0.482 +0.902 +1.317 +0.129 +0.238
+0.484 +0.910 +1.340 +0.085 +0.231
+0.485 +0.919 +1.363 +0.091 +0.233
+0.488 +0.926 +1.386 +0.073 +0.225
+0.491 +0.934 +1.405 +0.089 +0.197
+0.491 +0.941 +1.427 +0.071 +0.222
+0.492 +0.950 +1.450 +0.086 +0.222
+0.494 +0.964 +1.470 +0.139 +0.200
+0.493 +0.972 +1.495 +0.080 +0.251
+0.495 +0.984 +1.515 +0.121 +0.204
+0.495 +0.991 +1.536 +0.071 +0.203
+0.496 +1.003 +1.554 +0.124 +0.179
+0.494 +1.012 +1.575 +0.087 +0.217
+0.494 +1.019 +1.600 +0.068 +0.243
+0.493 +1.029 +1.621 +0.101 +0.219
+0.497 +1.034 +1.645 +0.062 +0.241
+0.495 +1.045 +1.664 +0.114 +0.186
+0.497 +1.052 +1.686 +0.072 +0.224
+0.501 +1.058 +1.709 +0.074 +0.229
+0.500 +1.068 +1.732 +0.097 +0.224
+0.498 +1.076 +1.754 +0.082 +0.220
+0.493 +1.088 +1.776 +0.134 +0.226
+0.490 +1.094 +1.798 +0.067 +0.218
+0.483 +1.102 +1.819 +0.102 +0.207
+0.475 +1.112 +1.839 +0.134 +0.196
+0.471 +1.122 +1.859 +0.101 +0.206
+0.466 +1.125 +1.874 +0.060 +0.147
+0.464 +1.137 +1.888 +0.120 +0.143
+0.459 +1.148 +1.905 +0.117 +0.167
+0.456 +1.157 +1.920 +0.099 +0.149
+0.452 +1.168 +1.936 +0.120 +0.159
+0.445 +1.181 +1.951 +0.141 +0.152
+0.450 +1.184 +1.966 +0.055 +0.153
+0.450 +1.189 +1.980 +0.053 +0.136
+0.446 +1.193 +1.994 +0.048 +0.143
+0.443 +1.202 +2.012 +0.098 +0.177
+0.444 +1.211 +2.029 +0.086 +0.173
+0.437 +1.232 +2.053 +0.223 +0.239
+0.430 +1.241 +2.071 +0.113 +0.185
+0.425 +1.262 +2.097 +0.219 +0.254
+0.406 +1.266 +2.115 +0.193 +0.185
+0.392 +1.277 +2.140 +0.174 +0.250
+0.393 +1.287 +2.160 +0.100 +0.192
+0.396 +1.286 +2.178 +0.030 +0.183
+0.391 +1.287 +2.200 +0.043 +0.217
+0.388 +1.298 +2.225 +0.117 +0.249
+0.384 +1.311 +2.253 +0.135 +0.287
+0.377 +1.311 +2.269 +0.068 +0.161
+0.372 +1.321 +2.289 +0.105 +0.198
+0.364 +1.328 +2.309 +0.112 +0.198
+0.351 +1.333 +2.325 +0.135 +0.158
+0.341 +1.349 +2.349 +0.193 +0.248
+0.335 +1.350 +2.364 +0.055 +0.142
+0.329 +1.356 +2.381 +0.083 +0.175
+0.312 +1.365 +2.399 +0.196 +0.182
+0.310 +1.375 +2.420 +0.100 +0.204
+0.299 +1.378 +2.433 +0.106 +0.133
+0.291 +1.389 +2.453 +0.139 +0.202
+0.285 +1.392 +2.471 +0.067 +0.175
+0.274 +1.400 +2.487 +0.132 +0.164
+0.273 +1.407 +2.506 +0.069 +0.190
+0.265 +1.410 +2.521 +0.091 +0.153
+0.258 +1.412 +2.537 +0.077 +0.158
+0.249 +1.418 +2.558 +0.099 +0.210
+0.241 +1.423 +2.577 +0.097 +0.187
+0.228 +1.429 +2.600 +0.145 +0.234
+0.217 +1.432 +2.620 +0.117 +0.195
+0.209 +1.439 +2.643 +0.097 +0.230
+0.208 +1.445 +2.663 +0.065 +0.205
+0.196 +1.449 +2.682 +0.129 +0.187
+0.190 +1.454 +2.702 +0.084 +0.205
+0.185 +1.458 +2.722 +0.057 +0.198
+0.174 +1.462 +2.744 +0.125 +0.223
+0.163 +1.466 +2.768 +0.110 +0.239
+0.155 +1.470 +2.791 +0.086 +0.230
+0.146 +1.472 +2.813 +0.097 +0.213
+0.131 +1.474 +2.832 +0.148 +0.194
+0.126 +1.479 +2.858 +0.073 +0.257
+0.114 +1.482 +2.880 +0.121 +0.219
+0.104 +1.481 +2.898 +0.102 +0.187
+0.094 +1.485 +2.922 +0.111 +0.236
+0.083 +1.488 +2.941 +0.107 +0.189
+0.078 +1.489 +2.962 +0.053 +0.211
+0.068 +1.492 +2.986 +0.113 +0.240
+0.058 +1.491 +3.004 +0.096 +0.178
+0.050 +1.495 +3.028 +0.090 +0.241
+0.041 +1.494 +3.049 +0.091 +0.207
+0.028 +1.498 +3.074 +0.140 +0.250
+0.022 +1.495 +3.095 +0.057 +0.217
+0.003 +1.498 +3.116 +0.196 +0.206
+0.004 +1.496 +3.133 +0.024 +0.174
-0.009 +1.496 +3.153 +0.128 +0.199
-0.020 +1.497 +3.174 +0.104 +0.205
-0.028 +1.495 +3.194 +0.083 +0.205
-0.039 +1.494 +3.211 +0.117 +0.168
-0.050 +1.493 +3.233 +0.108 +0.223
-0.059 +1.493 +3.254 +0.084 +0.204
-0.069 +1.490 +3.275 +0.110 +0.208
-0.081 +1.489 +3.295 +0.113 +0.207
-0.094 +1.489 +3.316 +0.131 +0.211
-0.104 +1.488 +3.335 +0.105 +0.187
-0.118 +1.483 +3.352 +0.142 +0.167
-0.123 +1.483 +3.372 +0.059 +0.201
-0.132 +1.480 +3.391 +0.091 +0.186
-0.141 +1.478 +3.411 +0.092 +0.205
-0.148 +1.474 +3.434 +0.082 +0.224
-0.157 +1.471 +3.452 +0.091 +0.188
-0.169 +1.467 +3.475 +0.132 +0.227
-0.178 +1.465 +3.494 +0.089 +0.193
-0.184 +1.461 +3.512 +0.072 +0.176
-0.194 +1.457 +3.537 +0.106 +0.247
-0.203 +1.454 +3.557 +0.099 +0.203
-0.216 +1.450 +3.576 +0.128 +0.189
-0.222 +1.448 +3.594 +0.068 +0.184
-0.230 +1.444 +3.612 +0.091 +0.179
-0.237 +1.439 +3.631 +0.086 +0.189
-0.246 +1.436 +3.652 +0.096 +0.209
-0.254 +1.431 +3.673 +0.089 +0.214
-0.263 +1.426 +3.696 +0.106 +0.222
-0.271 +1.421 +3.717 +0.095 +0.208
-0.281 +1.418 +3.737 +0.101 +0.208
-0.287 +1.412 +3.756 +0.089 +0.183
-0.296 +1.407 +3.775 +0.101 +0.197
-0.304 +1.400 +3.796 +0.102 +0.210
-0.310 +1.397 +3.814 +0.075 +0.179
-0.318 +1.390 +3.834 +0.102 +0.200
-0.324 +1.384 +3.854 +0.089 +0.196
-0.331 +1.378 +3.873 +0.092 +0.189
-0.339 +1.370 +3.893 +0.109 +0.199
-0.346 +1.365 +3.915 +0.089 +0.219
-0.354 +1.357 +3.935 +0.109 +0.207
-0.361 +1.347 +3.956 +0.121 +0.211
-0.369 +1.342 +3.976 +0.096 +0.201
-0.377 +1.333 +3.995 +0.118 +0.182
-0.385 +1.326 +4.013 +0.111 +0.182
-0.390 +1.318 +4.033 +0.095 +0.197
-0.396 +1.309 +4.053 +0.108 +0.206
-0.401 +1.300 +4.072 +0.100 +0.192
-0.407 +1.293 +4.093 +0.090 +0.207
-0.413 +1.285 +4.115 +0.105 +0.222
-0.417 +1.276 +4.134 +0.101 +0.190
-0.422 +1.267 +4.155 +0.097 +0.205
-0.428 +1.259 +4.176 +0.103 +0.213
-0.435 +1.250 +4.197 +0.111 +0.204
-0.443 +1.241 +4.217 +0.120 +0.203
-0.447 +1.233 +4.235 +0.092 +0.178
-0.450 +1.222 +4.253 +0.108 +0.187
-0.456 +1.215 +4.273 +0.094 +0.198
-0.459 +1.204 +4.295 +0.111 +0.214
-0.465 +1.194 +4.315 +0.117 +0.208
-0.469 +1.186 +4.337 +0.086 +0.212
-0.472 +1.175 +4.358 +0.121 +0.216
-0.476 +1.164 +4.380 +0.114 +0.221
-0.477 +1.154 +4.400 +0.103 +0.193
-0.482 +1.146 +4.421 +0.093 +0.217
-0.486 +1.135 +4.443 +0.117 +0.220
-0.488 +1.127 +4.464 +0.083 +0.202
-0.490 +1.115 +4.485 +0.115 +0.212
-0.491 +1.108 +4.506 +0.079 +0.207
-0.493 +1.098 +4.525 +0.097 +0.197
-0.496 +1.087 +4.548 +0.112 +0.224
-0.495 +1.076 +4.569 +0.115 +0.210
-0.498 +1.068 +4.590 +0.079 +0.219
-0.497 +1.057 +4.611 +0.116 +0.202
-0.499 +1.047 +4.630 +0.101 +0.194
-0.500 +1.038 +4.650 +0.086 +0.198
-0.500 +1.030 +4.668 +0.087 +0.183
-0.498 +1.020 +4.688 +0.103 +0.195
-0.499 +1.008 +4.708 +0.115 +0.206
-0.500 +0.997 +4.728 +0.114 +0.193
-0.499 +0.989 +4.745 +0.082 +0.177
-0.499 +0.976 +4.767 +0.127 +0.219
-0.499 +0.965 +4.787 +0.106 +0.194
-0.496 +0.959 +4.804 +0.071 +0.174
-0.496 +0.952 +4.826 +0.074 +0.223
-0.499 +0.937 +4.849 +0.147 +0.229
-0.500 +0.930 +4.869 +0.073 +0.194
-0.496 +0.921 +4.886 +0.099 +0.169
-0.496 +0.913 +4.904 +0.075 +0.182
-0.494 +0.904 +4.922 +0.097 +0.186
-0.492 +0.894 +4.942 +0.100 +0.200
-0.490 +0.884 +4.961 +0.099 +0.186
-0.489 +0.872 +4.981 +0.118 +0.199
-0.485 +0.865 +4.998 +0.084 +0.176
-0.483 +0.854 +5.017 +0.113 +0.187
-0.482 +0.845 +5.036 +0.094 +0.186
-0.476 +0.839 +5.050 +0.088 +0.145
-0.476 +0.828 +5.068 +0.100 +0.181
-0.473 +0.823 +5.084 +0.062 +0.158
-0.471 +0.815 +5.101 +0.083 +0.172
-0.469 +0.807 +5.117 +0.079 +0.153
-0.466 +0.801 +5.133 +0.071 +0.159
-0.463 +0.793 +5.148 +0.084 +0.152
-0.457 +0.786 +5.163 +0.088 +0.152
-0.454 +0.778 +5.180 +0.084 +0.172
-0.449 +0.771 +5.196 +0.086 +0.156
-0.444 +0.763 +5.213 +0.093 +0.176
-0.441 +0.753 +5.234 +0.113 +0.205
-0.434 +0.747 +5.250 +0.085 +0.159
-0.434 +0.738 +5.268 +0.093 +0.183
-0.429 +0.730 +5.284 +0.095 +0.162
-0.423 +0.722 +5.301 +0.096 +0.168
-0.418 +0.715 +5.319 +0.087 +0.179
-0.409 +0.711 +5.336 +0.095 +0.175
-0.408 +0.703 +5.356 +0.076 +0.192
-0.401 +0.695 +5.375 +0.106 +0.194
-0.396 +0.690 +5.391 +0.075 +0.163
-0.391 +0.683 +5.408 +0.089 +0.169
-0.383 +0.677 +5.425 +0.097 +0.171
-0.377 +0.674 +5.440 +0.070 +0.150
-0.367 +0.667 +5.457 +0.118 +0.168
-0.364 +0.662 +5.472 +0.058 +0.146
-0.361 +0.655 +5.489 +0.077 +0.172
-0.354 +0.650 +5.501 +0.087 +0.122
-0.350 +0.643 +5.516 +0.084 +0.143
-0.346 +0.637 +5.533 +0.072 +0.172
-0.338 +0.631 +5.547 +0.094 +0.141
-0.331 +0.626 +5.563 +0.086 +0.163
-0.326 +0.618 +5.580 +0.097 +0.168
-0.320 +0.613 +5.597 +0.083 +0.175
-0.312 +0.607 +5.615 +0.094 +0.178
-0.305 +0.601 +5.632 +0.089 +0.172
-0.299 +0.595 +5.652 +0.095 +0.196
-0.292 +0.591 +5.670 +0.080 +0.177
-0.282 +0.583 +5.689 +0.118 +0.192
-0.276 +0.579 +5.708 +0.075 +0.194
-0.269 +0.575 +5.727 +0.079 +0.183
-0.261 +0.569 +5.747 +0.099 +0.206
-0.256 +0.563 +5.767 +0.086 +0.200
-0.247 +0.561 +5.787 +0.092 +0.193
-0.238 +0.558 +5.807 +0.087 +0.200
-0.230 +0.553 +5.826 +0.096 +0.190
-0.223 +0.551 +5.846 +0.072 +0.205
-0.213 +0.548 +5.867 +0.108 +0.207
-0.204 +0.543 +5.888 +0.107 +0.215
-0.194 +0.538 +5.908 +0.106 +0.203
-0.186 +0.534 +5.930 +0.093 +0.215
-0.177 +0.532 +5.950 +0.092 +0.199
-0.168 +0.528 +5.971 +0.093 +0.210
-0.156 +0.526 +5.988 +0.122 +0.171
-0.148 +0.523 +6.010 +0.089 +0.224
-0.137 +0.519 +6.030 +0.116 +0.192
-0.130 +0.519 +6.050 +0.064 +0.201
-0.121 +0.517 +6.068 +0.097 +0.181
-0.111 +0.516 +6.087 +0.098 +0.196
-0.103 +0.513 +6.107 +0.089 +0.196
-0.091 +0.510 +6.128 +0.125 +0.214
-0.083 +0.509 +6.150 +0.081 +0.212
-0.073 +0.506 +6.169 +0.101 +0.198
-0.063 +0.505 +6.192 +0.102 +0.225
-0.055 +0.504 +6.210 +0.081 +0.179
-0.045 +0.504 +6.226 +0.101 +0.162
