-0.000 -0.001 +0.002 +0.049 +0.008
+0.001 +0.001 +0.001 +0.024 -0.009
+0.001 -0.000 +0.002 +0.016 +0.006
+0.001 -0.001 +0.003 +0.007 +0.005
+0.001 -0.000 +0.002 +0.008 -0.006
+0.001 +0.000 +0.002 +0.007 -0.001
-0.000 -0.001 +0.002 +0.021 +0.003
+0.001 +0.002 +0.001 +0.032 -0.008
+0.001 -0.000 +0.002 +0.023 +0.008
-0.001 -0.001 +0.003 +0.019 +0.011
+0.002 +0.001 +0.002 +0.032 -0.013
+0.001 -0.001 +0.003 +0.016 +0.005
+0.000 +0.001 +0.002 +0.023 -0.003
+0.002 -0.000 +0.003 +0.022 +0.006
+0.001 +0.001 +0.001 +0.021 -0.015
+0.001 +0.000 +0.002 +0.013 +0.010
+0.001 +0.001 +0.002 +0.006 -0.003
+0.000 -0.000 +0.002 +0.012 +0.003
+0.003 +0.001 +0.001 +0.033 -0.012
+0.002 -0.001 +0.002 +0.025 +0.005
-0.000 +0.001 +0.017 +0.028 +0.155
+0.005 +0.005 +0.067 +0.066 +0.496
+0.017 +0.007 +0.131 +0.113 +0.645
+0.032 +0.006 +0.202 +0.153 +0.705
+0.043 +0.008 +0.271 +0.112 +0.689
+0.058 +0.012 +0.340 +0.158 +0.692
+0.077 +0.019 +0.408 +0.204 +0.676
+0.091 +0.025 +0.480 +0.149 +0.723
+0.106 +0.035 +0.554 +0.182 +0.743
+0.125 +0.046 +0.628 +0.214 +0.739
+0.139 +0.059 +0.701 +0.195 +0.725
+0.154 +0.070 +0.778 +0.189 +0.772
+0.170 +0.087 +0.851 +0.224 +0.736
+0.185 +0.103 +0.921 +0.223 +0.694
+0.197 +0.126 +0.986 +0.257 +0.649
+0.214 +0.146 +1.043 +0.264 +0.574
+0.224 +0.169 +1.082 +0.250 +0.392
+0.239 +0.189 +1.111 +0.253 +0.289
+0.249 +0.210 +1.126 +0.227 +0.151
+0.260 +0.229 +1.132 +0.216 +0.056
+0.266 +0.247 +1.133 +0.192 +0.010
+0.270 +0.263 +1.128 +0.169 -0.049
+0.278 +0.279 +1.120 +0.177 -0.084
+0.287 +0.290 +1.109 +0.142 -0.108
+0.290 +0.304 +1.094 +0.145 -0.151
+0.297 +0.317 +1.079 +0.149 -0.147
+0.302 +0.330 +1.063 +0.136 -0.167
+0.306 +0.341 +1.045 +0.119 -0.175
+0.314 +0.353 +1.027 +0.142 -0.181
+0.319 +0.360 +1.007 +0.086 -0.198
+0.321 +0.367 +0.989 +0.078 -0.181
+0.328 +0.376 +0.970 +0.106 -0.188
+0.333 +0.383 +0.949 +0.088 -0.211
+0.340 +0.391 +0.926 +0.109 -0.235
+0.348 +0.400 +0.901 +0.119 -0.250
+0.351 +0.411 +0.875 +0.112 -0.255
+0.358 +0.420 +0.850 +0.110 -0.251
+0.364 +0.425 +0.824 +0.079 -0.256
+0.367 +0.433 +0.797 +0.093 -0.273
+0.374 +0.442 +0.772 +0.109 -0.249
+0.377 +0.447 +0.745 +0.067 -0.267
+0.386 +0.456 +0.719 +0.124 -0.263
+0.392 +0.461 +0.690 +0.075 -0.287
+0.398 +0.466 +0.662 +0.076 -0.282
+0.407 +0.473 +0.633 +0.116 -0.292
+0.414 +0.478 +0.603 +0.085 -0.302
+0.421 +0.480 +0.572 +0.076 -0.305
+0.427 +0.486 +0.540 +0.088 -0.319
+0.434 +0.489 +0.510 +0.076 -0.307
+0.440 +0.498 +0.477 +0.104 -0.330
+0.449 +0.502 +0.444 +0.096 -0.331
+0.459 +0.506 +0.411 +0.104 -0.322
+0.468 +0.509 +0.379 +0.100 -0.323
+0.478 +0.509 +0.349 +0.093 -0.300
+0.487 +0.515 +0.317 +0.109 -0.321
+0.494 +0.519 +0.286 +0.085 -0.315
+0.504 +0.520 +0.256 +0.097 -0.296
+0.512 +0.523 +0.228 +0.089 -0.282
+0.523 +0.527 +0.198 +0.115 -0.294
+0.532 +0.527 +0.172 +0.088 -0.266
+0.544 +0.528 +0.146 +0.118 -0.257
+0.552 +0.529 +0.121 +0.083 -0.254
+0.562 +0.531 +0.098 +0.101 -0.229
+0.574 +0.531 +0.075 +0.118 -0.230
+0.582 +0.533 +0.052 +0.091 -0.229
+0.593 +0.531 +0.032 +0.108 -0.198
+0.605 +0.532 +0.011 +0.113 -0.208
+0.614 +0.536 +6.273 +0.103 -0.212
+0.623 +0.537 +6.255 +0.091 -0.181
+0.635 +0.535 +6.237 +0.122 -0.180
+0.645 +0.538 +6.221 +0.105 -0.160
+0.657 +0.536 +6.208 +0.117 -0.135
+0.667 +0.535 +6.195 +0.103 -0.125
+0.677 +0.535 +6.183 +0.098 -0.118
+0.690 +0.536 +6.173 +0.129 -0.102
+0.703 +0.538 +6.162 +0.136 -0.116
+0.717 +0.539 +6.153 +0.139 -0.090
+0.724 +0.535 +6.148 +0.076 -0.049
+0.735 +0.533 +6.143 +0.116 -0.050
+0.744 +0.531 +6.139 +0.092 -0.040
+0.755 +0.530 +6.133 +0.111 -0.061
+0.767 +0.528 +6.128 +0.114 -0.042
+0.778 +0.526 +6.122 +0.120 -0.061
+0.790 +0.522 +6.121 +0.120 -0.018
+0.799 +0.522 +6.117 +0.094 -0.035
+0.809 +0.520 +6.118 +0.099 +0.012
+0.820 +0.519 +6.119 +0.109 +0.007
+0.831 +0.519 +6.121 +0.111 +0.015
+0.841 +0.516 +6.124 +0.107 +0.040
+0.850 +0.514 +6.127 +0.095 +0.028
+0.863 +0.514 +6.130 +0.123 +0.027
+0.874 +0.514 +6.132 +0.110 +0.019
+0.884 +0.513 +6.135 +0.104 +0.033
+0.895 +0.513 +6.137 +0.111 +0.022
+0.907 +0.512 +6.142 +0.119 +0.045
+0.917 +0.508 +6.149 +0.109 +0.071
+0.927 +0.507 +6.152 +0.097 +0.030
+0.935 +0.508 +6.157 +0.084 +0.054
+0.946 +0.504 +6.162 +0.116 +0.047
+0.955 +0.504 +6.164 +0.089 +0.018
+0.967 +0.503 +6.170 +0.123 +0.065
+0.977 +0.503 +6.176 +0.096 +0.062
+0.989 +0.503 +6.181 +0.124 +0.045
+0.998 +0.501 +6.187 +0.087 +0.064
+1.009 +0.502 +6.193 +0.108 +0.058
+1.018 +0.501 +6.199 +0.096 +0.055
+1.029 +0.502 +6.202 +0.105 +0.035
+1.038 +0.501 +6.204 +0.098 +0.020
+1.050 +0.498 +6.213 +0.119 +0.084
+1.058 +0.497 +6.216 +0.083 +0.033
+1.070 +0.496 +6.220 +0.121 +0.040
+1.078 +0.496 +6.223 +0.073 +0.032
+1.088 +0.497 +6.225 +0.101 +0.014
+1.096 +0.497 +6.231 +0.083 +0.062
+1.106 +0.497 +6.232 +0.099 +0.016
+1.118 +0.499 +6.237 +0.125 +0.051
+1.129 +0.499 +6.238 +0.106 +0.006
+1.139 +0.496 +6.243 +0.107 +0.050
+1.148 +0.497 +6.245 +0.088 +0.016
+1.157 +0.496 +6.248 +0.091 +0.034
+1.168 +0.497 +6.251 +0.110 +0.031
+1.177 +0.498 +6.255 +0.091 +0.036
+1.186 +0.498 +6.257 +0.091 +0.021
+1.196 +0.498 +6.260 +0.103 +0.030
+1.206 +0.497 +6.262 +0.100 +0.024
+1.216 +0.496 +6.263 +0.096 +0.010
+1.227 +0.496 +6.264 +0.112 +0.003
+1.237 +0.496 +6.265 +0.100 +0.016
+1.247 +0.494 +6.267 +0.099 +0.023
+1.258 +0.494 +6.268 +0.110 +0.002
+1.268 +0.495 +6.271 +0.102 +0.036
+1.278 +0.495 +6.272 +0.102 +0.006
+1.287 +0.495 +6.272 +0.089 +0.004
+1.297 +0.495 +6.274 +0.105 +0.018
+1.306 +0.495 +6.276 +0.089 +0.024
+1.317 +0.498 +6.280 +0.111 +0.032
+1.326 +0.498 +6.281 +0.093 +0.018
+1.338 +0.497 +6.282 +0.112 +0.002
+1.348 +0.498 +6.282 +0.103 +0.006
+1.359 +0.498 +6.281 +0.109 -0.007
+1.368 +0.498 +6.280 +0.092 -0.016
+1.379 +0.497 +6.278 +0.109 -0.016
+1.388 +0.497 +6.277 +0.088 -0.013
+1.398 +0.499 +6.275 +0.107 -0.020
+1.409 +0.498 +6.274 +0.105 -0.015
+1.418 +0.500 +6.272 +0.099 -0.015
+1.427 +0.498 +6.272 +0.088 +0.002
+1.436 +0.498 +6.271 +0.091 -0.017
+1.446 +0.498 +6.270 +0.099 -0.007
+1.458 +0.500 +6.269 +0.116 -0.012
+1.469 +0.500 +6.266 +0.117 -0.024
+1.481 +0.500 +6.266 +0.118 -0.006
+1.491 +0.499 +6.257 +0.096 -0.085
+1.496 +0.499 +6.245 +0.058 -0.123
+1.498 +0.500 +6.247 +0.019 +0.025
+1.499 +0.499 +6.265 +0.013 +0.175
+1.498 +0.496 +0.012 +0.032 +0.301
+1.499 +0.493 +0.055 +0.034 +0.437
+1.498 +0.490 +0.102 +0.026 +0.468
+1.500 +0.487 +0.153 +0.029 +0.512
+1.502 +0.486 +0.207 +0.029 +0.538
+1.504 +0.486 +0.270 +0.021 +0.626
+1.506 +0.483 +0.336 +0.031 +0.665
+1.509 +0.486 +0.405 +0.043 +0.686
+1.513 +0.486 +0.478 +0.042 +0.729
+1.517 +0.489 +0.546 +0.050 +0.683
+1.524 +0.494 +0.611 +0.082 +0.648
+1.530 +0.498 +0.672 +0.079 +0.615
+1.536 +0.505 +0.734 +0.086 +0.620
+1.543 +0.513 +0.797 +0.113 +0.625
+1.552 +0.527 +0.862 +0.164 +0.657
+1.561 +0.539 +0.930 +0.152 +0.679
+1.571 +0.547 +0.999 +0.120 +0.686
+1.578 +0.557 +1.064 +0.124 +0.648
+1.586 +0.569 +1.129 +0.145 +0.655
+1.594 +0.588 +1.194 +0.212 +0.651
+1.600 +0.600 +1.261 +0.127 +0.662
+1.602 +0.615 +1.327 +0.151 +0.666
+1.608 +0.628 +1.397 +0.145 +0.696
+1.612 +0.646 +1.466 +0.186 +0.692
+1.615 +0.662 +1.533 +0.160 +0.670
+1.615 +0.675 +1.596 +0.136 +0.626
+1.614 +0.689 +1.655 +0.139 +0.593
+1.614 +0.705 +1.709 +0.159 +0.545
+1.612 +0.720 +1.762 +0.148 +0.522
+1.609 +0.734 +1.805 +0.149 +0.433
+1.605 +0.750 +1.837 +0.165 +0.324
+1.599 +0.764 +1.863 +0.149 +0.261
+1.594 +0.781 +1.883 +0.178 +0.193
+1.587 +0.795 +1.899 +0.151 +0.162
+1.582 +0.810 +1.913 +0.164 +0.138
+1.576 +0.825 +1.921 +0.156 +0.087
+1.571 +0.839 +1.926 +0.152 +0.050
+1.565 +0.849 +1.931 +0.114 +0.049
+1.559 +0.862 +1.933 +0.140 +0.018
+1.553 +0.874 +1.931 +0.138 -0.016
+1.548 +0.888 +1.927 +0.150 -0.041
+1.541 +0.901 +1.924 +0.147 -0.031
+1.536 +0.913 +1.920 +0.126 -0.044
+1.533 +0.924 +1.916 +0.120 -0.040
+1.528 +0.934 +1.910 +0.110 -0.062
+1.522 +0.947 +1.902 +0.144 -0.072
+1.518 +0.957 +1.892 +0.105 -0.100
+1.514 +0.967 +1.881 +0.113 -0.109
+1.511 +0.981 +1.873 +0.138 -0.084
+1.507 +0.988 +1.861 +0.081 -0.124
+1.502 +0.999 +1.849 +0.120 -0.116
+1.500 +1.009 +1.836 +0.100 -0.132
+1.494 +1.018 +1.823 +0.111 -0.124
+1.493 +1.029 +1.810 +0.112 -0.137
+1.491 +1.041 +1.795 +0.117 -0.148
+1.490 +1.049 +1.780 +0.086 -0.148
+1.488 +1.062 +1.765 +0.126 -0.155
+1.485 +1.068 +1.753 +0.072 -0.111
+1.483 +1.077 +1.741 +0.091 -0.120
+1.484 +1.085 +1.729 +0.080 -0.124
+1.481 +1.094 +1.715 +0.102 -0.137
+1.482 +1.102 +1.703 +0.077 -0.120
+1.480 +1.110 +1.692 +0.085 -0.118
+1.481 +1.121 +1.679 +0.105 -0.127
+1.476 +1.130 +1.667 +0.098 -0.117
+1.476 +1.139 +1.656 +0.099 -0.108
+1.475 +1.148 +1.645 +0.085 -0.114
+1.472 +1.158 +1.633 +0.100 -0.122
+1.471 +1.169 +1.621 +0.111 -0.114
+1.470 +1.179 +1.610 +0.102 -0.110
+1.471 +1.187 +1.600 +0.081 -0.107
+1.468 +1.196 +1.588 +0.091 -0.113
+1.470 +1.206 +1.581 +0.111 -0.075
+1.469 +1.214 +1.573 +0.077 -0.079
+1.468 +1.223 +1.566 +0.092 -0.070
+1.469 +1.234 +1.561 +0.110 -0.054
+1.466 +1.244 +1.553 +0.099 -0.071
+1.468 +1.252 +1.546 +0.088 -0.076
+1.468 +1.261 +1.540 +0.091 -0.062
+1.466 +1.271 +1.534 +0.104 -0.060
+1.466 +1.284 +1.532 +0.123 -0.019
+1.466 +1.295 +1.527 +0.115 -0.047
+1.466 +1.304 +1.525 +0.088 -0.020
+1.466 +1.316 +1.523 +0.120 -0.024
+1.469 +1.328 +1.520 +0.122 -0.026
+1.469 +1.336 +1.517 +0.079 -0.034
+1.471 +1.346 +1.514 +0.104 -0.029
+1.470 +1.355 +1.512 +0.096 -0.023
+1.471 +1.366 +1.509 +0.111 -0.023
+1.469 +1.374 +1.506 +0.080 -0.032
+1.471 +1.385 +1.505 +0.108 -0.006
+1.471 +1.393 +1.503 +0.089 -0.024
+1.471 +1.406 +1.501 +0.124 -0.018
+1.469 +1.413 +1.500 +0.074 -0.012
+1.472 +1.423 +1.499 +0.104 -0.012
+1.470 +1.431 +1.498 +0.079 -0.010
+1.472 +1.443 +1.498 +0.115 -0.001
+1.473 +1.453 +1.499 +0.108 +0.016
+1.473 +1.464 +1.498 +0.109 -0.009
+1.472 +1.473 +1.500 +0.093 +0.011
+1.473 +1.483 +1.500 +0.097 +0.002
+1.473 +1.494 +1.501 +0.110 +0.014
+1.475 +1.505 +1.502 +0.114 +0.008
+1.475 +1.513 +1.503 +0.081 +0.010
+1.476 +1.525 +1.505 +0.120 +0.015
+1.477 +1.532 +1.504 +0.069 -0.006
+1.476 +1.543 +1.506 +0.109 +0.017
+1.479 +1.554 +1.508 +0.113 +0.020
+1.476 +1.566 +1.507 +0.125 -0.007
+1.477 +1.576 +1.508 +0.091 +0.014
+1.476 +1.584 +1.509 +0.083 +0.009
+1.478 +1.594 +1.511 +0.103 +0.020
+1.477 +1.604 +1.512 +0.101 +0.013
+1.479 +1.615 +1.516 +0.110 +0.030
+1.480 +1.625 +1.516 +0.102 +0.009
+1.480 +1.634 +1.518 +0.092 +0.016
+1.483 +1.643 +1.519 +0.097 +0.011
+1.481 +1.655 +1.523 +0.115 +0.036
+1.481 +1.664 +1.525 +0.094 +0.022
+1.481 +1.675 +1.528 +0.107 +0.029
+1.482 +1.685 +1.530 +0.106 +0.018
+1.481 +1.695 +1.531 +0.095 +0.012
+1.482 +1.704 +1.534 +0.098 +0.030
+1.482 +1.714 +1.536 +0.100 +0.017
+1.482 +1.724 +1.539 +0.098 +0.036
+1.479 +1.733 +1.540 +0.097 +0.007
+1.479 +1.744 +1.540 +0.105 -0.002
+1.479 +1.754 +1.543 +0.100 +0.034
+1.480 +1.767 +1.547 +0.130 +0.035
+1.481 +1.779 +1.548 +0.125 +0.011
+1.482 +1.787 +1.546 +0.081 -0.018
+1.480 +1.797 +1.544 +0.098 -0.016
+1.483 +1.807 +1.547 +0.106 +0.025
+1.482 +1.816 +1.547 +0.090 -0.003
+1.482 +1.827 +1.546 +0.116 -0.007
+1.482 +1.838 +1.549 +0.111 +0.029
+1.483 +1.846 +1.550 +0.082 +0.009
+1.481 +1.859 +1.550 +0.124 +0.006
+1.481 +1.868 +1.552 +0.097 +0.019
+1.479 +1.876 +1.549 +0.081 -0.031
+1.480 +1.885 +1.549 +0.091 +0.001
+1.481 +1.898 +1.551 +0.133 +0.021
+1.478 +1.907 +1.548 +0.088 -0.029
+1.478 +1.917 +1.549 +0.101 +0.005
+1.481 +1.927 +1.547 +0.104 -0.015
+1.479 +1.937 +1.547 +0.110 -0.008
+1.478 +1.948 +1.545 +0.107 -0.014
+1.479 +1.957 +1.545 +0.092 -0.006
+1.478 +1.967 +1.544 +0.098 -0.006
+1.477 +1.976 +1.542 +0.094 -0.024
+1.477 +1.987 +1.543 +0.107 +0.011
+1.478 +1.995 +1.551 +0.083 +0.088
+1.478 +1.997 +1.582 +0.017 +0.306
+1.481 +1.996 +1.643 +0.034 +0.607
+1.482 +1.995 +1.717 +0.012 +0.742
+1.482 +1.997 +1.784 +0.018 +0.670
+1.482 +2.002 +1.853 +0.050 +0.688
+1.485 +2.004 +1.922 +0.037 +0.690
+1.481 +2.008 +1.986 +0.055 +0.643
+1.485 +2.012 +2.059 +0.053 +0.724
+1.481 +2.017 +2.130 +0.060 +0.712
+1.474 +2.022 +2.198 +0.090 +0.678
+1.470 +2.027 +2.269 +0.065 +0.715
+1.466 +2.032 +2.333 +0.062 +0.644
+1.458 +2.038 +2.402 +0.102 +0.687
+1.448 +2.044 +2.468 +0.112 +0.661
+1.440 +2.051 +2.535 +0.103 +0.663
+1.429 +2.052 +2.598 +0.114 +0.637
+1.419 +2.059 +2.665 +0.124 +0.663
+1.405 +2.062 +2.729 +0.138 +0.640
+1.395 +2.067 +2.799 +0.113 +0.698
+1.384 +2.072 +2.865 +0.124 +0.662
+1.370 +2.076 +2.927 +0.142 +0.625
+1.357 +2.076 +2.988 +0.130 +0.609
+1.342 +2.076 +3.046 +0.154 +0.577
+1.331 +2.078 +3.105 +0.113 +0.590
+1.315 +2.077 +3.156 +0.151 +0.513
+1.303 +2.078 +3.197 +0.126 +0.407
+1.292 +2.080 +3.233 +0.115 +0.360
+1.277 +2.079 +3.263 +0.146 +0.301
+1.259 +2.078 +3.288 +0.180 +0.248
+1.244 +2.074 +3.309 +0.158 +0.209
+1.226 +2.070 +3.327 +0.178 +0.186
+1.214 +2.068 +3.344 +0.122 +0.166
+1.196 +2.064 +3.357 +0.185 +0.128
+1.185 +2.061 +3.368 +0.121 +0.113
+1.167 +2.057 +3.377 +0.179 +0.092
+1.156 +2.054 +3.381 +0.114 +0.037
+1.144 +2.050 +3.386 +0.127 +0.055
+1.133 +2.046 +3.387 +0.118 +0.003
+1.119 +2.042 +3.388 +0.142 +0.011
+1.106 +2.038 +3.388 +0.136 +0.003
+1.093 +2.035 +3.387 +0.133 -0.009
+1.081 +2.032 +3.385 +0.126 -0.020
+1.069 +2.029 +3.383 +0.126 -0.019
+1.056 +2.023 +3.380 +0.136 -0.031
+1.044 +2.022 +3.375 +0.121 -0.055
+1.033 +2.018 +3.370 +0.119 -0.045
+1.021 +2.014 +3.361 +0.121 -0.094
+1.010 +2.011 +3.354 +0.122 -0.064
+0.996 +2.009 +3.348 +0.138 -0.064
+0.987 +2.007 +3.337 +0.092 -0.111
+0.976 +2.003 +3.325 +0.116 -0.116
+0.968 +2.001 +3.317 +0.090 -0.083
+0.956 +1.999 +3.307 +0.114 -0.099
+0.945 +1.996 +3.296 +0.118 -0.109
+0.936 +1.993 +3.287 +0.092 -0.088
+0.924 +1.992 +3.277 +0.129 -0.101
+0.911 +1.990 +3.266 +0.127 -0.110
+0.902 +1.989 +3.257 +0.086 -0.089
+0.889 +1.987 +3.246 +0.138 -0.110
+0.882 +1.987 +3.238 +0.068 -0.089
+0.865 +1.987 +3.226 +0.172 -0.119
+0.857 +1.985 +3.217 +0.081 -0.090
+0.849 +1.984 +3.205 +0.084 -0.117
+0.838 +1.984 +3.195 +0.101 -0.096
+0.826 +1.982 +3.184 +0.128 -0.111
+0.813 +1.982 +3.176 +0.130 -0.080
+0.804 +1.981 +3.165 +0.086 -0.108
+0.793 +1.981 +3.156 +0.108 -0.097
+0.786 +1.981 +3.148 +0.077 -0.073
+0.777 +1.980 +3.144 +0.083 -0.047
+0.769 +1.979 +3.138 +0.084 -0.057
+0.758 +1.980 +3.131 +0.110 -0.068
+0.746 +1.980 +3.126 +0.122 -0.056
+0.737 +1.978 +3.121 +0.089 -0.049
+0.726 +1.978 +3.120 +0.113 -0.009
+0.715 +1.978 +3.118 +0.103 -0.022
+0.704 +1.978 +3.117 +0.112 -0.007
+0.694 +1.980 +3.114 +0.103 -0.030
+0.684 +1.980 +3.111 +0.100 -0.034
+0.673 +1.980 +3.108 +0.106 -0.024
+0.665 +1.980 +3.105 +0.086 -0.034
+0.657 +1.981 +3.100 +0.077 -0.043
+0.648 +1.980 +3.095 +0.090 -0.052
+0.643 +1.980 +3.091 +0.056 -0.043
+0.631 +1.980 +3.087 +0.121 -0.041
+0.624 +1.981 +3.082 +0.064 -0.047
+0.616 +1.980 +3.078 +0.083 -0.047
+0.608 +1.981 +3.074 +0.076 -0.034
+0.600 +1.980 +3.070 +0.084 -0.046
+0.593 +1.982 +3.068 +0.073 -0.020
+0.585 +1.982 +3.065 +0.081 -0.021
+0.580 +1.982 +3.066 +0.048 +0.001
+0.569 +1.982 +3.066 +0.114 +0.007
+0.561 +1.982 +3.065 +0.073 -0.008
+0.550 +1.982 +3.067 +0.113 +0.015
+0.544 +1.983 +3.069 +0.064 +0.018
+0.534 +1.983 +3.070 +0.096 +0.016
+0.525 +1.983 +3.073 +0.092 +0.024
+0.520 +1.985 +3.076 +0.054 +0.029
+0.510 +1.984 +3.078 +0.098 +0.021
+0.501 +1.984 +3.080 +0.086 +0.026
+0.493 +1.985 +3.083 +0.086 +0.032
+0.483 +1.985 +3.086 +0.102 +0.026
+0.473 +1.984 +3.089 +0.094 +0.029
+0.463 +1.985 +3.091 +0.106 +0.024
+0.456 +1.986 +3.093 +0.069 +0.018
+0.447 +1.985 +3.096 +0.090 +0.029
+0.437 +1.986 +3.096 +0.098 -0.000
+0.428 +1.985 +3.098 +0.094 +0.021
+0.418 +1.986 +3.099 +0.096 +0.011
+0.408 +1.986 +3.099 +0.102 -0.004
+0.395 +1.987 +3.097 +0.131 -0.019
+0.387 +1.989 +3.097 +0.079 -0.001
+0.380 +1.988 +3.098 +0.074 +0.015
+0.370 +1.987 +3.098 +0.103 -0.006
+0.359 +1.987 +3.098 +0.108 +0.006
+0.351 +1.986 +3.099 +0.079 +0.003
+0.341 +1.986 +3.098 +0.105 -0.007
+0.331 +1.985 +3.098 +0.093 +0.002
+0.322 +1.986 +3.097 +0.093 -0.012
+0.313 +1.984 +3.097 +0.091 +0.002
+0.304 +1.984 +3.094 +0.096 -0.032
+0.298 +1.981 +3.092 +0.059 -0.015
+0.289 +1.982 +3.092 +0.097 -0.006
+0.280 +1.980 +3.089 +0.093 -0.025
+0.270 +1.979 +3.089 +0.096 +0.002
+0.259 +1.980 +3.087 +0.114 -0.027
+0.247 +1.979 +3.086 +0.116 -0.011
+0.240 +1.980 +3.083 +0.071 -0.025
+0.230 +1.981 +3.081 +0.103 -0.018
+0.220 +1.982 +3.079 +0.100 -0.023
+0.210 +1.983 +3.076 +0.104 -0.032
+0.203 +1.980 +3.077 +0.077 +0.009
+0.192 +1.983 +3.075 +0.113 -0.016
+0.182 +1.980 +3.072 +0.102 -0.030
+0.170 +1.980 +3.073 +0.114 +0.008
+0.160 +1.981 +3.073 +0.105 -0.004
+0.149 +1.982 +3.071 +0.108 -0.013
+0.139 +1.981 +3.073 +0.096 +0.021
+0.130 +1.981 +3.072 +0.095 -0.011
+0.118 +1.980 +3.072 +0.121 +0.001
+0.108 +1.982 +3.073 +0.096 +0.006
+0.099 +1.981 +3.074 +0.091 +0.007
+0.090 +1.981 +3.075 +0.097 +0.016
+0.077 +1.981 +3.075 +0.126 -0.002
+0.069 +1.982 +3.075 +0.085 -0.004
+0.059 +1.982 +3.075 +0.097 +0.005
+0.049 +1.982 +3.075 +0.101 -0.000
+0.037 +1.985 +3.076 +0.116 +0.007
+0.027 +1.983 +3.075 +0.110 -0.006
+0.017 +1.985 +3.075 +0.095 -0.001
+0.007 +1.984 +3.075 +0.108 -0.000
-0.003 +1.984 +3.076 +0.094 +0.009
-0.013 +1.986 +3.078 +0.106 +0.015
-0.021 +1.987 +3.083 +0.081 +0.052
-0.027 +1.990 +3.108 +0.067 +0.254
-0.032 +1.990 +3.146 +0.049 +0.377
-0.036 +1.996 +3.186 +0.073 +0.405
-0.040 +1.998 +3.228 +0.039 +0.418
-0.040 +2.000 +3.272 +0.024 +0.443
-0.042 +2.004 +3.324 +0.048 +0.516
-0.044 +2.003 +3.381 +0.021 +0.571
-0.047 +2.004 +3.441 +0.031 +0.595
-0.050 +2.001 +3.506 +0.038 +0.657
-0.053 +2.000 +3.573 +0.031 +0.670
-0.057 +2.002 +3.642 +0.045 +0.691
-0.060 +1.998 +3.717 +0.051 +0.744
-0.062 +1.996 +3.787 +0.036 +0.704
-0.068 +1.992 +3.852 +0.068 +0.650
-0.073 +1.988 +3.922 +0.065 +0.696
-0.082 +1.985 +3.986 +0.092 +0.642
-0.087 +1.971 +4.055 +0.140 +0.694
-0.097 +1.962 +4.122 +0.140 +0.671
-0.103 +1.951 +4.190 +0.128 +0.677
-0.110 +1.939 +4.255 +0.141 +0.654
-0.120 +1.927 +4.322 +0.154 +0.665
-0.128 +1.915 +4.389 +0.144 +0.675
-0.131 +1.901 +4.457 +0.143 +0.677
-0.137 +1.884 +4.530 +0.177 +0.734
-0.145 +1.875 +4.599 +0.118 +0.682
-0.148 +1.862 +4.667 +0.132 +0.683
-0.156 +1.848 +4.734 +0.165 +0.673
-0.158 +1.834 +4.786 +0.135 +0.521
-0.148 +1.812 +4.837 +0.247 +0.509
-0.148 +1.797 +4.881 +0.147 +0.442
-0.149 +1.773 +4.926 +0.237 +0.443
-0.145 +1.755 +4.956 +0.185 +0.302
-0.142 +1.742 +4.979 +0.141 +0.233
-0.135 +1.725 +5.001 +0.185 +0.221
-0.132 +1.708 +5.021 +0.168 +0.195
-0.121 +1.692 +5.035 +0.194 +0.144
-0.120 +1.674 +5.048 +0.183 +0.126
-0.116 +1.658 +5.053 +0.158 +0.049
-0.112 +1.644 +5.057 +0.147 +0.044
-0.105 +1.631 +5.061 +0.150 +0.041
-0.100 +1.617 +5.065 +0.148 +0.038
-0.096 +1.604 +5.065 +0.140 -0.000
-0.090 +1.591 +5.063 +0.134 -0.021
-0.084 +1.577 +5.063 +0.152 +0.003
-0.081 +1.565 +5.061 +0.131 -0.020
-0.077 +1.555 +5.058 +0.101 -0.036
-0.072 +1.543 +5.053 +0.132 -0.051
-0.069 +1.533 +5.047 +0.110 -0.055
-0.066 +1.521 +5.040 +0.121 -0.073
-0.063 +1.508 +5.030 +0.130 -0.097
-0.059 +1.498 +5.021 +0.109 -0.089
-0.054 +1.486 +5.012 +0.129 -0.093
-0.049 +1.476 +5.003 +0.118 -0.093
-0.048 +1.470 +4.990 +0.061 -0.130
-0.041 +1.459 +4.979 +0.121 -0.107
-0.039 +1.448 +4.967 +0.119 -0.118
-0.036 +1.437 +4.953 +0.112 -0.143
-0.033 +1.427 +4.939 +0.102 -0.138
-0.030 +1.415 +4.927 +0.125 -0.123
-0.028 +1.404 +4.914 +0.117 -0.131
-0.025 +1.390 +4.901 +0.142 -0.128
-0.023 +1.380 +4.888 +0.100 -0.125
-0.021 +1.370 +4.874 +0.104 -0.143
-0.017 +1.363 +4.859 +0.077 -0.146
-0.016 +1.353 +4.845 +0.103 -0.145
-0.016 +1.339 +4.831 +0.136 -0.135
-0.013 +1.332 +4.816 +0.078 -0.156
-0.012 +1.318 +4.802 +0.142 -0.135
-0.012 +1.309 +4.790 +0.094 -0.125
-0.009 +1.297 +4.776 +0.117 -0.131
-0.011 +1.288 +4.766 +0.097 -0.103
-0.009 +1.276 +4.758 +0.119 -0.084
-0.007 +1.266 +4.746 +0.107 -0.116
-0.006 +1.254 +4.734 +0.123 -0.121
-0.004 +1.246 +4.723 +0.072 -0.113
-0.004 +1.236 +4.714 +0.101 -0.088
-0.003 +1.223 +4.705 +0.136 -0.090
-0.004 +1.214 +4.695 +0.093 -0.096
-0.003 +1.201 +4.687 +0.130 -0.086
-0.002 +1.189 +4.680 +0.114 -0.064
-0.000 +1.182 +4.672 +0.073 -0.087
-0.001 +1.173 +4.665 +0.094 -0.066
-0.002 +1.160 +4.658 +0.126 -0.074
-0.004 +1.150 +4.652 +0.103 -0.053
-0.002 +1.141 +4.646 +0.095 -0.060
-0.001 +1.131 +4.640 +0.094 -0.062
-0.001 +1.117 +4.638 +0.148 -0.024
-0.001 +1.108 +4.634 +0.084 -0.039
-0.002 +1.099 +4.629 +0.094 -0.047
-0.004 +1.087 +4.628 +0.118 -0.012
-0.004 +1.078 +4.625 +0.092 -0.028
-0.004 +1.068 +4.623 +0.098 -0.023
-0.005 +1.057 +4.621 +0.118 -0.017
-0.006 +1.050 +4.618 +0.068 -0.031
-0.007 +1.034 +4.616 +0.155 -0.019
-0.010 +1.027 +4.616 +0.084 -0.001
-0.010 +1.016 +4.615 +0.105 -0.008
-0.012 +1.004 +4.615 +0.119 -0.000
-0.011 +0.994 +4.614 +0.102 -0.011
-0.014 +0.984 +4.614 +0.104 +0.004
-0.013 +0.976 +4.615 +0.083 +0.003
-0.015 +0.965 +4.616 +0.105 +0.013
-0.014 +0.955 +4.617 +0.101 +0.006
-0.015 +0.946 +4.616 +0.095 -0.003
-0.016 +0.934 +4.617 +0.115 +0.009
-0.016 +0.924 +4.618 +0.099 +0.013
-0.017 +0.912 +4.621 +0.126 +0.026
-0.017 +0.901 +4.622 +0.113 +0.011
-0.018 +0.889 +4.625 +0.114 +0.027
-0.020 +0.880 +4.628 +0.093 +0.035
-0.020 +0.870 +4.630 +0.105 +0.017
-0.021 +0.858 +4.632 +0.117 +0.021
-0.023 +0.849 +4.636 +0.088 +0.040
-0.022 +0.842 +4.640 +0.077 +0.040
-0.022 +0.832 +4.645 +0.097 +0.047
-0.024 +0.823 +4.652 +0.095 +0.068
-0.025 +0.814 +4.655 +0.087 +0.035
-0.025 +0.806 +4.659 +0.080 +0.039
-0.025 +0.799 +4.664 +0.076 +0.046
-0.026 +0.787 +4.669 +0.112 +0.050
-0.025 +0.779 +4.673 +0.087 +0.040
-0.026 +0.772 +4.676 +0.070 +0.038
-0.026 +0.756 +4.683 +0.159 +0.061
-0.024 +0.746 +4.688 +0.102 +0.052
-0.026 +0.738 +4.693 +0.081 +0.055
-0.024 +0.726 +4.697 +0.124 +0.041
-0.023 +0.715 +4.699 +0.106 +0.012
-0.023 +0.708 +4.700 +0.073 +0.013
-0.025 +0.697 +4.700 +0.109 +0.000
-0.024 +0.682 +4.700 +0.154 -0.000
-0.023 +0.676 +4.700 +0.060 +0.003
-0.021 +0.664 +4.701 +0.117 +0.005
-0.021 +0.656 +4.699 +0.087 -0.014
-0.020 +0.645 +4.700 +0.101 +0.007
-0.022 +0.637 +4.698 +0.091 -0.018
-0.021 +0.624 +4.698 +0.126 +0.001
-0.021 +0.614 +4.699 +0.102 +0.011
-0.022 +0.602 +4.699 +0.123 -0.006
-0.021 +0.592 +4.701 +0.094 +0.020
-0.022 +0.581 +4.700 +0.116 -0.008
-0.024 +0.574 +4.698 +0.074 -0.019
-0.023 +0.562 +4.696 +0.121 -0.022
-0.021 +0.549 +4.695 +0.124 -0.009
-0.023 +0.543 +4.694 +0.071 -0.013
-0.024 +0.532 +4.694 +0.104 +0.003
