+0.001 -0.000 -0.001
+0.001 +0.001 -0.001
+0.002 +0.001 -0.001
+0.001 +0.001 -0.001
+0.001 +0.001 -0.001
+0.000 +0.001 -0.000
+0.001 +0.001 -0.001
+0.001 -0.000 -0.001
+0.001 +0.000 -0.000
+0.001 +0.001 -0.000
+0.000 -0.000 -0.001
+0.000 -0.001 -0.000
+0.001 -0.001 -0.000
+0.001 +0.001 -0.001
+0.001 +0.001 -0.001
+0.001 +0.001 -0.001
+0.001 -0.000 -0.000
+0.001 +0.001 -0.001
+0.001 +0.001 -0.001
+0.000 +0.001 -0.001
+0.000 +0.001 -0.000
+0.000 +0.000 -0.001
-0.000 -0.000 -0.000
+0.001 -0.001 -0.000
+0.000 +0.001 -0.001
+0.000 -0.001 -0.000
+0.000 +0.001 -0.001
+0.001 +0.002 -0.001
+0.003 +0.001 -0.001
+0.004 +0.001 -0.001
+0.004 +0.000 -0.001
+0.003 +0.002 -0.001
+0.004 +0.002 -0.002
+0.003 +0.000 -0.001
+0.003 +0.002 -0.001
+0.004 +0.000 -0.000
+0.005 +0.001 +0.000
+0.004 +0.002 -0.001
+0.004 +0.002 +0.000
+0.003 +0.003 -0.000
+0.004 +0.002 -0.000
+0.004 +0.001 -0.000
+0.005 +0.001 -0.001
+0.003 +0.002 -0.001
+0.004 +0.002 -0.001
+0.003 +0.000 -0.000
+0.003 +0.000 -0.000
+0.004 +0.001 -0.000
+0.003 +0.000 +0.003
+0.005 +0.001 +0.007
+0.007 +0.000 +0.019
+0.013 -0.001 +0.040
+0.020 -0.002 +0.073
+0.027 -0.004 +0.112
+0.033 -0.013 +0.154
+0.040 -0.018 +0.195
+0.048 -0.027 +0.230
+0.057 -0.032 +0.257
+0.063 -0.042 +0.280
+0.070 -0.048 +0.303
+0.074 -0.059 +0.329
+0.076 -0.063 +0.358
+0.077 -0.069 +0.391
+0.080 -0.076 +0.428
+0.081 -0.080 +0.468
+0.085 -0.086 +0.509
+0.088 -0.093 +0.554
+0.094 -0.102 +0.600
+0.102 -0.112 +0.645
+0.106 -0.116 +0.688
+0.115 -0.124 +0.729
+0.118 -0.133 +0.771
+0.122 -0.138 +0.814
+0.126 -0.143 +0.851
+0.130 -0.149 +0.886
+0.132 -0.152 +0.922
+0.135 -0.157 +0.959
+0.137 -0.161 +0.997
+0.139 -0.165 +1.033
+0.142 -0.169 +1.067
+0.145 -0.172 +1.098
+0.146 -0.178 +1.126
+0.147 -0.184 +1.155
+0.149 -0.192 +1.189
+0.149 -0.200 +1.230
+0.149 -0.208 +1.276
+0.149 -0.218 +1.322
+0.156 -0.226 +1.369
+0.164 -0.236 +1.412
+0.173 -0.247 +1.449
+0.184 -0.256 +1.480
+0.196 -0.264 +1.503
+0.206 -0.269 +1.522
+0.214 -0.275 +1.539
+0.221 -0.277 +1.549
+0.231 -0.280 +1.554
+0.237 -0.283 +1.555
+0.244 -0.286 +1.553
+0.248 -0.288 +1.554
+0.251 -0.290 +1.560
+0.253 -0.292 +1.567
+0.256 -0.293 +1.572
+0.257 -0.294 +1.573
+0.256 -0.292 +1.572
+0.257 -0.292 +1.567
+0.257 -0.293 +1.565
+0.257 -0.295 +1.565
+0.256 -0.294 +1.565
+0.256 -0.293 +1.565
+0.257 -0.294 +1.565
+0.256 -0.294 +1.565
+0.257 -0.293 +1.565
+0.257 -0.294 +1.565
+0.257 -0.294 +1.565
+0.257 -0.294 +1.565
+0.256 -0.292 +1.565
+0.257 -0.294 +1.565
+0.257 -0.294 +1.565
+0.256 -0.293 +1.565
+0.256 -0.293 +1.565
+0.256 -0.294 +1.565
+0.256 -0.294 +1.565
+0.257 -0.293 +1.565
+0.256 -0.293 +1.565
+0.256 -0.295 +1.565
+0.255 -0.294 +1.565
+0.256 -0.294 +1.565
+0.257 -0.295 +1.565
+0.256 -0.295 +1.565
+0.256 -0.295 +1.564
+0.256 -0.294 +1.565
+0.256 -0.294 +1.564
+0.257 -0.294 +1.565
+0.256 -0.294 +1.564
+0.256 -0.294 +1.565
+0.256 -0.295 +1.564
+0.256 -0.294 +1.565
+0.256 -0.294 +1.565
+0.257 -0.294 +1.564
+0.257 -0.295 +1.564
+0.256 -0.294 +1.565
+0.256 -0.293 +1.564
+0.256 -0.294 +1.564
+0.257 -0.295 +1.564
+0.257 -0.294 +1.563
+0.256 -0.293 +1.562
+0.257 -0.293 +1.563
+0.257 -0.293 +1.562
+0.256 -0.294 +1.562
+0.257 -0.294 +1.562
+0.258 -0.293 +1.563
+0.257 -0.293 +1.563
+0.258 -0.293 +1.563
+0.256 -0.293 +1.562
+0.256 -0.292 +1.562
+0.257 -0.292 +1.561
+0.257 -0.290 +1.562
+0.257 -0.287 +1.562
+0.256 -0.276 +1.561
+0.257 -0.259 +1.551
+0.260 -0.249 +1.535
+0.264 -0.240 +1.515
+0.271 -0.227 +1.494
+0.277 -0.216 +1.467
+0.286 -0.203 +1.432
+0.297 -0.192 +1.391
+0.311 -0.179 +1.349
+0.325 -0.166 +1.305
+0.336 -0.155 +1.262
+0.351 -0.145 +1.218
+0.366 -0.135 +1.174
+0.384 -0.127 +1.126
+0.399 -0.120 +1.084
+0.411 -0.116 +1.044
+0.422 -0.111 +1.009
+0.433 -0.105 +0.984
+0.446 -0.097 +0.965
+0.457 -0.088 +0.952
+0.466 -0.080 +0.943
+0.475 -0.070 +0.938
+0.482 -0.060 +0.933
+0.488 -0.051 +0.933
+0.496 -0.042 +0.931
+0.501 -0.034 +0.933
+0.507 -0.024 +0.939
+0.511 -0.014 +0.946
+0.516 -0.005 +0.956
+0.521 +0.004 +0.970
+0.524 +0.013 +0.984
+0.527 +0.022 +0.997
+0.530 +0.032 +1.011
+0.531 +0.042 +1.024
+0.532 +0.050 +1.040
+0.533 +0.061 +1.057
+0.530 +0.070 +1.075
+0.529 +0.080 +1.093
+0.531 +0.091 +1.109
+0.531 +0.100 +1.127
+0.533 +0.109 +1.143
+0.530 +0.119 +1.162
+0.531 +0.129 +1.180
+0.531 +0.138 +1.199
+0.530 +0.149 +1.217
+0.530 +0.160 +1.236
+0.528 +0.169 +1.255
+0.527 +0.179 +1.273
+0.524 +0.187 +1.290
+0.521 +0.197 +1.307
+0.520 +0.207 +1.324
+0.517 +0.215 +1.342
+0.515 +0.224 +1.361
+0.510 +0.234 +1.381
+0.507 +0.243 +1.400
+0.503 +0.251 +1.421
+0.499 +0.260 +1.441
+0.497 +0.269 +1.459
+0.493 +0.277 +1.480
+0.486 +0.287 +1.501
+0.484 +0.295 +1.520
+0.478 +0.304 +1.540
+0.474 +0.313 +1.558
+0.468 +0.321 +1.576
+0.461 +0.331 +1.595
+0.458 +0.340 +1.614
+0.452 +0.348 +1.631
+0.448 +0.357 +1.650
+0.443 +0.367 +1.667
+0.436 +0.376 +1.687
+0.431 +0.383 +1.704
+0.425 +0.389 +1.723
+0.418 +0.397 +1.741
+0.412 +0.404 +1.762
+0.405 +0.412 +1.784
+0.398 +0.420 +1.806
+0.389 +0.429 +1.829
+0.382 +0.436 +1.847
+0.374 +0.440 +1.867
+0.367 +0.447 +1.888
+0.359 +0.453 +1.910
+0.351 +0.461 +1.930
+0.344 +0.465 +1.952
+0.336 +0.471 +1.972
+0.328 +0.477 +1.991
+0.320 +0.484 +2.011
+0.311 +0.489 +2.031
+0.301 +0.492 +2.051
+0.293 +0.499 +2.072
+0.283 +0.504 +2.092
+0.274 +0.512 +2.114
+0.266 +0.515 +2.131
+0.257 +0.520 +2.149
+0.249 +0.523 +2.166
+0.241 +0.528 +2.185
+0.233 +0.534 +2.202
+0.224 +0.536 +2.219
+0.216 +0.539 +2.236
+0.208 +0.543 +2.252
+0.201 +0.544 +2.268
+0.193 +0.548 +2.285
+0.184 +0.552 +2.303
+0.175 +0.555 +2.321
+0.166 +0.557 +2.339
+0.159 +0.560 +2.358
+0.147 +0.561 +2.376
+0.139 +0.565 +2.396
+0.129 +0.566 +2.415
+0.122 +0.568 +2.436
+0.111 +0.569 +2.454
+0.101 +0.572 +2.475
+0.090 +0.573 +2.497
+0.078 +0.575 +2.519
+0.066 +0.577 +2.542
+0.057 +0.577 +2.563
+0.046 +0.577 +2.583
+0.036 +0.577 +2.604
+0.025 +0.575 +2.626
+0.012 +0.576 +2.650
-0.000 +0.575 +2.673
-0.009 +0.575 +2.694
-0.018 +0.574 +2.716
-0.030 +0.572 +2.735
-0.040 +0.569 +2.753
-0.051 +0.570 +2.772
-0.060 +0.569 +2.792
-0.069 +0.567 +2.814
-0.080 +0.564 +2.837
-0.091 +0.563 +2.859
-0.101 +0.560 +2.880
-0.108 +0.557 +2.901
-0.118 +0.552 +2.926
-0.130 +0.550 +2.949
-0.140 +0.543 +2.971
-0.150 +0.540 +2.995
-0.159 +0.535 +3.018
-0.167 +0.531 +3.038
-0.178 +0.526 +3.057
-0.186 +0.524 +3.074
-0.193 +0.520 +3.093
-0.203 +0.517 +3.110
-0.214 +0.513 +3.128
-0.220 +0.510 -3.138
-0.230 +0.506 -3.123
-0.239 +0.503 -3.108
-0.248 +0.498 -3.093
-0.255 +0.493 -3.074
-0.265 +0.487 -3.055
-0.275 +0.480 -3.036
-0.284 +0.477 -3.018
-0.290 +0.471 -3.000
-0.298 +0.466 -2.983
-0.305 +0.459 -2.963
-0.313 +0.454 -2.941
-0.323 +0.448 -2.923
-0.329 +0.441 -2.906
-0.337 +0.436 -2.885
-0.345 +0.428 -2.868
-0.351 +0.422 -2.850
-0.356 +0.413 -2.832
-0.366 +0.408 -2.813
-0.371 +0.400 -2.793
-0.378 +0.393 -2.774
-0.383 +0.383 -2.755
-0.388 +0.375 -2.736
-0.397 +0.370 -2.717
-0.402 +0.361 -2.702
-0.406 +0.353 -2.685
-0.410 +0.346 -2.669
-0.416 +0.341 -2.650
-0.420 +0.332 -2.634
-0.427 +0.324 -2.618
-0.432 +0.317 -2.602
-0.435 +0.307 -2.587
-0.441 +0.300 -2.571
-0.446 +0.295 -2.554
-0.450 +0.286 -2.538
-0.454 +0.278 -2.522
-0.459 +0.270 -2.503
-0.465 +0.262 -2.482
-0.469 +0.253 -2.462
-0.473 +0.242 -2.444
-0.473 +0.235 -2.427
-0.475 +0.225 -2.408
-0.477 +0.216 -2.386
-0.479 +0.208 -2.366
-0.480 +0.198 -2.347
-0.483 +0.192 -2.328
-0.485 +0.190 -2.308
-0.485 +0.181 -2.290
-0.487 +0.165 -2.272
-0.489 +0.154 -2.251
-0.492 +0.145 -2.228
-0.494 +0.133 -2.209
-0.494 +0.125 -2.188
-0.497 +0.119 -2.164
-0.500 +0.109 -2.144
-0.500 +0.097 -2.125
-0.502 +0.087 -2.104
-0.502 +0.080 -2.083
-0.502 +0.070 -2.063
-0.501 +0.062 -2.043
-0.501 +0.052 -2.022
-0.501 +0.042 -2.003
-0.497 +0.032 -1.982
-0.496 +0.023 -1.959
-0.494 +0.011 -1.939
-0.493 +0.004 -1.919
-0.492 -0.004 -1.899
-0.491 -0.011 -1.875
-0.488 -0.023 -1.851
-0.484 -0.032 -1.829
-0.482 -0.043 -1.805
-0.479 -0.051 -1.780
-0.464 -0.066 -1.735
-0.473 -0.077 -1.734
-0.441 -0.086 -1.695
-0.466 -0.095 -1.690
-0.443 -0.111 -1.650
-0.411 -0.120 -1.642
-0.411 -0.118 -1.617
-0.401 -0.133 -1.591
-0.389 -0.132 -1.572
-0.381 -0.158 -1.547
-0.376 -0.162 -1.525
-0.369 -0.156 -1.507
-0.366 -0.165 -1.481
-0.359 -0.192 -1.451
-0.352 -0.201 -1.428
-0.369 -0.207 -1.397
-0.373 -0.195 -1.379
-0.368 -0.206 -1.360
-0.382 -0.224 -1.349
-0.374 -0.229 -1.331
-0.368 -0.233 -1.309
-0.361 -0.247 -1.285
-0.355 -0.249 -1.269
-0.349 -0.261 -1.251
-0.342 -0.265 -1.235
-0.333 -0.274 -1.217
-0.325 -0.280 -1.196
-0.315 -0.286 -1.176
-0.309 -0.292 -1.158
-0.301 -0.299 -1.140
-0.293 -0.306 -1.121
-0.286 -0.311 -1.101
-0.279 -0.317 -1.083
-0.271 -0.324 -1.066
-0.263 -0.327 -1.047
-0.256 -0.332 -1.029
-0.245 -0.337 -1.010
-0.235 -0.341 -0.990
-0.225 -0.348 -0.971
-0.218 -0.352 -0.952
-0.208 -0.358 -0.933
-0.198 -0.359 -0.913
-0.189 -0.362 -0.892
-0.178 -0.364 -0.872
-0.168 -0.370 -0.849
-0.156 -0.372 -0.831
-0.145 -0.376 -0.810
-0.135 -0.376 -0.790
-0.126 -0.375 -0.767
-0.114 -0.380 -0.746
-0.103 -0.386 -0.725
-0.093 -0.386 -0.706
-0.083 -0.391 -0.687
-0.073 -0.389 -0.668
-0.063 -0.393 -0.648
-0.053 -0.394 -0.628
-0.042 -0.393 -0.608
-0.031 -0.398 -0.587
-0.020 -0.396 -0.567
-0.011 -0.395 -0.546
-0.002 -0.392 -0.524
+0.009 -0.394 -0.498
+0.018 -0.391 -0.476
+0.030 -0.393 -0.454
+0.039 -0.394 -0.431
+0.047 -0.394 -0.410
+0.056 -0.389 -0.389
+0.067 -0.386 -0.369
+0.075 -0.387 -0.348
+0.084 -0.386 -0.328
+0.095 -0.383 -0.307
+0.106 -0.380 -0.286
+0.116 -0.379 -0.263
+0.125 -0.375 -0.242
+0.135 -0.375 -0.222
+0.143 -0.371 -0.202
+0.148 -0.367 -0.178
+0.161 -0.361 -0.155
+0.176 -0.359 -0.132
+0.186 -0.356 -0.107
+0.196 -0.352 -0.087
+0.206 -0.345 -0.069
+0.217 -0.342 -0.046
+0.230 -0.338 -0.021
+0.248 -0.336 +0.007
+0.259 -0.338 +0.031
+0.269 -0.334 +0.053
+0.279 -0.325 +0.073
+0.288 -0.317 +0.094
+0.289 -0.310 +0.116
+0.293 -0.298 +0.133
+0.296 -0.287 +0.156
+0.305 -0.279 +0.181
+0.316 -0.270 +0.204
+0.324 -0.263 +0.227
+0.335 -0.270 +0.260
+0.345 -0.266 +0.279
+0.358 -0.265 +0.268
+0.355 -0.264 +0.279
+0.359 -0.255 +0.298
+0.365 -0.249 +0.321
+0.372 -0.242 +0.345
+0.378 -0.237 +0.369
+0.386 -0.228 +0.390
+0.392 -0.221 +0.412
+0.397 -0.212 +0.433
+0.401 -0.204 +0.453
+0.407 -0.195 +0.475
+0.414 -0.185 +0.497
+0.418 -0.177 +0.517
+0.422 -0.170 +0.537
+0.429 -0.162 +0.557
+0.431 -0.153 +0.578
+0.436 -0.144 +0.602
+0.438 -0.134 +0.623
+0.442 -0.125 +0.645
