+0.002 -0.000 +0.000
+0.004 -0.000 -0.000
+0.002 +0.000 +0.000
+0.003 -0.000 -0.000
+0.002 -0.000 +0.001
+0.003 -0.001 +0.000
+0.002 -0.000 +0.001
+0.003 +0.000 -0.000
+0.003 -0.001 +0.000
+0.002 -0.000 +0.001
+0.003 -0.001 +0.000
+0.003 -0.001 +0.001
+0.003 -0.000 +0.001
+0.002 -0.001 +0.000
+0.002 -0.001 +0.000
+0.003 -0.001 +0.000
+0.004 -0.001 +0.000
+0.003 -0.000 +0.000
+0.002 -0.002 +0.001
+0.002 -0.001 +0.001
+0.003 -0.001 +0.001
+0.003 -0.001 +0.001
+0.003 -0.001 +0.001
+0.004 -0.001 +0.000
+0.003 +0.001 -0.000
+0.004 -0.000 +0.000
+0.003 -0.001 +0.000
+0.002 -0.001 +0.000
+0.003 -0.002 +0.001
+0.003 -0.001 +0.000
+0.003 -0.001 +0.000
+0.003 -0.001 +0.000
+0.002 -0.001 +0.001
+0.002 -0.001 +0.000
+0.003 -0.000 +0.000
+0.003 -0.000 +0.000
+0.002 -0.001 +0.001
+0.002 -0.000 +0.001
+0.003 -0.000 +0.001
+0.002 -0.000 +0.000
+0.003 +0.000 -0.001
+0.001 -0.000 +0.000
+0.002 +0.000 +0.000
+0.002 -0.000 +0.000
+0.002 +0.000 +0.000
+0.001 +0.000 +0.000
+0.002 -0.001 +0.000
+0.002 -0.000 +0.000
+0.001 -0.001 +0.000
+0.001 -0.000 +0.000
+0.002 +0.000 +0.000
+0.002 -0.000 -0.000
+0.001 -0.000 +0.001
+0.002 -0.000 +0.000
+0.002 -0.000 +0.000
+0.001 -0.001 +0.001
+0.002 -0.001 +0.000
+0.002 -0.001 -0.000
+0.002 +0.000 +0.000
+0.002 +0.000 +0.001
+0.002 -0.001 +0.000
+0.002 -0.001 +0.000
+0.002 -0.001 +0.001
+0.002 -0.001 +0.000
+0.002 -0.001 +0.000
+0.003 -0.000 +0.000
+0.002 -0.001 +0.000
+0.000 +0.000 +0.000
+0.002 -0.001 +0.001
+0.003 -0.001 +0.000
+0.002 -0.002 +0.001
+0.002 -0.002 +0.001
+0.002 -0.001 +0.000
+0.002 -0.001 +0.000
+0.002 -0.001 +0.000
+0.002 -0.001 +0.000
+0.002 -0.002 +0.001
+0.002 -0.002 +0.001
+0.003 -0.000 +0.001
+0.002 -0.001 +0.001
+0.002 -0.002 +0.001
+0.001 -0.002 +0.001
+0.001 -0.000 +0.001
+0.001 -0.002 +0.001
+0.001 -0.001 +0.001
+0.001 -0.001 +0.001
+0.001 -0.001 +0.001
+0.001 -0.001 +0.001
+0.002 -0.003 +0.001
+0.002 -0.001 +0.000
+0.002 -0.001 +0.000
+0.000 -0.001 +0.001
+0.002 -0.002 +0.000
+0.001 -0.000 +0.001
+0.001 -0.001 +0.000
+0.002 -0.002 +0.001
+0.001 -0.001 +0.001
+0.001 -0.002 +0.001
+0.002 -0.001 +0.001
+0.001 -0.001 +0.001
+0.001 -0.002 +0.001
+0.001 -0.002 +0.001
+0.001 -0.001 +0.001
+0.001 -0.002 +0.001
+0.001 -0.002 +0.001
+0.001 -0.001 +0.002
+0.001 -0.003 +0.000
+0.000 -0.002 +0.001
+0.001 -0.001 +0.001
+0.002 -0.001 +0.001
+0.001 -0.002 +0.001
+0.002 -0.001 +0.001
+0.000 -0.001 +0.001
+0.002 -0.001 +0.000
+0.001 -0.001 +0.001
+0.001 -0.002 +0.001
+0.001 -0.002 +0.001
+0.002 -0.001 +0.001
+0.001 -0.002 +0.001
+0.001 -0.001 +0.001
+0.001 -0.002 +0.001
+0.001 -0.002 +0.001
+0.001 -0.001 +0.000
+0.000 -0.001 +0.001
+0.001 -0.000 +0.001
+0.001 -0.001 +0.001
+0.000 -0.003 +0.001
+0.000 -0.002 +0.001
-0.000 -0.002 +0.001
+0.001 -0.001 +0.001
+0.001 -0.002 +0.001
+0.001 -0.003 +0.001
-0.000 -0.002 +0.002
+0.000 -0.001 +0.001
-0.000 -0.002 +0.001
+0.001 -0.003 +0.001
+0.001 -0.002 +0.001
+0.001 -0.001 +0.001
+0.001 -0.002 +0.001
+0.002 -0.003 +0.001
+0.000 -0.001 +0.001
-0.000 -0.002 +0.001
+0.001 -0.002 +0.001
+0.000 -0.001 +0.001
+0.000 -0.002 +0.001
+0.000 -0.002 +0.001
+0.000 -0.002 +0.001
+0.001 -0.002 +0.001
+0.000 -0.002 +0.001
-0.001 -0.002 +0.002
-0.000 -0.002 +0.002
+0.001 -0.002 +0.001
-0.000 -0.002 +0.001
+0.000 -0.002 +0.001
-0.000 -0.002 +0.001
+0.000 -0.001 +0.001
+0.001 -0.001 +0.001
+0.000 -0.002 +0.001
+0.001 -0.002 +0.001
+0.001 -0.003 +0.001
+0.000 -0.002 +0.001
+0.001 -0.001 +0.001
+0.001 -0.002 +0.002
-0.001 -0.002 +0.001
+0.000 -0.002 +0.001
+0.000 -0.002 +0.001
+0.001 -0.001 +0.001
+0.001 -0.002 +0.001
+0.001 -0.001 +0.001
+0.001 -0.001 +0.001
+0.001 -0.000 +0.000
+0.000 -0.002 +0.001
+0.001 -0.002 +0.001
-0.000 -0.002 +0.001
+0.001 -0.001 +0.001
+0.001 -0.002 +0.001
+0.001 -0.001 +0.001
+0.000 -0.001 +0.001
+0.001 -0.002 +0.001
+0.000 -0.001 +0.001
+0.000 -0.002 +0.001
+0.001 -0.001 +0.000
+0.000 -0.001 +0.001
+0.001 -0.002 +0.001
-0.000 -0.002 +0.001
-0.000 -0.002 +0.001
-0.000 -0.002 +0.002
+0.000 -0.001 +0.001
+0.001 -0.002 +0.001
+0.000 -0.002 +0.001
-0.000 -0.002 +0.001
+0.000 -0.001 +0.001
+0.000 -0.002 +0.001
+0.001 -0.002 +0.001
+0.000 -0.002 +0.001
+0.000 -0.001 +0.001
+0.000 -0.001 +0.001
+0.000 -0.001 +0.001
+0.001 -0.002 +0.001
+0.000 -0.002 +0.001
+0.001 -0.002 +0.001
+0.001 -0.002 +0.001
-0.000 -0.003 +0.002
+0.000 -0.002 +0.000
+0.000 -0.002 +0.001
+0.001 -0.002 +0.001
-0.000 -0.001 +0.001
+0.000 -0.002 +0.001
-0.001 -0.001 +0.001
+0.000 -0.001 +0.001
-0.000 -0.002 +0.001
-0.001 -0.002 +0.001
+0.000 -0.002 +0.001
+0.001 -0.001 +0.001
+0.000 -0.001 +0.001
+0.001 -0.002 +0.001
+0.000 -0.002 +0.001
+0.001 -0.001 +0.001
-0.000 -0.002 +0.001
+0.001 -0.002 +0.001
+0.001 -0.001 +0.001
-0.000 -0.002 +0.001
+0.000 -0.002 +0.001
+0.000 -0.001 +0.001
+0.000 -0.001 +0.001
+0.000 -0.002 +0.001
+0.001 -0.001 +0.001
+0.000 -0.002 +0.001
+0.000 -0.002 +0.001
-0.000 -0.002 +0.001
-0.001 -0.002 +0.001
-0.000 -0.002 +0.001
+0.001 -0.002 +0.001
+0.001 -0.001 +0.001
+0.000 -0.002 +0.001
+0.000 -0.001 +0.001
-0.000 -0.001 +0.001
+0.000 -0.002 +0.001
+0.000 -0.003 +0.001
+0.000 -0.002 +0.001
+0.001 -0.001 +0.001
-0.000 -0.001 +0.001
+0.000 -0.001 +0.001
-0.000 -0.001 +0.001
+0.000 -0.002 +0.001
+0.000 -0.002 +0.001
+0.000 -0.001 +0.001
+0.001 -0.001 +0.001
+0.001 -0.002 +0.001
+0.001 -0.002 +0.001
+0.000 -0.001 +0.001
+0.000 -0.001 +0.001
+0.001 -0.002 +0.001
+0.001 -0.001 +0.001
+0.000 -0.002 +0.001
+0.001 -0.002 +0.001
+0.000 -0.001 +0.001
+0.001 -0.002 +0.001
-0.001 -0.002 +0.001
+0.001 -0.001 +0.001
+0.001 -0.002 +0.001
+0.001 -0.002 +0.001
+0.001 -0.001 +0.000
-0.000 -0.002 +0.001
+0.001 -0.002 +0.001
+0.000 -0.002 +0.001
+0.000 -0.002 +0.001
+0.000 -0.002 +0.001
+0.001 -0.002 +0.002
+0.001 -0.001 +0.005
+0.002 -0.002 +0.006
+0.001 -0.002 +0.006
+0.000 -0.002 +0.005
+0.001 -0.001 +0.005
+0.000 -0.002 +0.008
+0.003 -0.001 +0.011
+0.004 +0.001 +0.022
+0.009 +0.008 +0.044
+0.018 +0.012 +0.073
+0.027 +0.016 +0.100
+0.036 +0.025 +0.133
+0.041 +0.034 +0.171
+0.043 +0.040 +0.205
+0.045 +0.048 +0.244
+0.046 +0.052 +0.282
+0.050 +0.056 +0.313
+0.055 +0.059 +0.343
+0.058 +0.065 +0.371
+0.062 +0.068 +0.408
+0.066 +0.073 +0.446
+0.070 +0.076 +0.487
+0.078 +0.082 +0.519
+0.085 +0.092 +0.526
+0.087 +0.088 +0.511
+0.084 +0.085 +0.510
+0.084 +0.086 +0.510
+0.084 +0.087 +0.512
+0.083 +0.084 +0.517
+0.081 +0.085 +0.527
+0.079 +0.082 +0.536
+0.077 +0.078 +0.556
+0.071 +0.070 +0.587
+0.066 +0.062 +0.629
+0.064 +0.053 +0.672
+0.061 +0.041 +0.715
+0.062 +0.032 +0.758
+0.062 +0.026 +0.793
+0.062 +0.020 +0.826
+0.058 +0.010 +0.864
+0.056 +0.001 +0.907
+0.055 -0.010 +0.954
+0.057 -0.025 +1.004
+0.056 -0.042 +1.060
+0.056 -0.059 +1.120
+0.054 -0.079 +1.183
+0.053 -0.097 +1.246
+0.052 -0.119 +1.310
+0.052 -0.142 +1.374
+0.053 -0.162 +1.427
+0.053 -0.187 +1.467
+0.057 -0.209 +1.498
+0.061 -0.231 +1.521
+0.067 -0.251 +1.544
+0.072 -0.272 +1.565
+0.078 -0.290 +1.580
+0.088 -0.306 +1.590
+0.099 -0.322 +1.595
+0.113 -0.337 +1.596
+0.121 -0.351 +1.601
+0.131 -0.362 +1.606
+0.142 -0.372 +1.609
+0.147 -0.379 +1.609
+0.155 -0.386 +1.606
+0.160 -0.389 +1.603
+0.162 -0.393 +1.602
+0.161 -0.393 +1.602
+0.161 -0.391 +1.601
+0.162 -0.391 +1.601
+0.160 -0.393 +1.601
+0.160 -0.392 +1.601
+0.162 -0.392 +1.599
+0.160 -0.391 +1.600
+0.161 -0.391 +1.599
+0.161 -0.391 +1.600
+0.161 -0.391 +1.599
+0.161 -0.391 +1.599
+0.161 -0.392 +1.599
+0.161 -0.392 +1.599
+0.161 -0.392 +1.599
+0.160 -0.391 +1.598
+0.161 -0.391 +1.599
+0.160 -0.392 +1.599
+0.161 -0.391 +1.599
+0.160 -0.391 +1.599
+0.161 -0.391 +1.599
+0.161 -0.391 +1.599
+0.160 -0.391 +1.599
+0.160 -0.392 +1.599
+0.162 -0.391 +1.598
+0.160 -0.391 +1.599
+0.160 -0.392 +1.599
+0.161 -0.390 +1.599
+0.161 -0.391 +1.599
+0.161 -0.391 +1.599
+0.160 -0.391 +1.599
+0.160 -0.390 +1.599
+0.160 -0.391 +1.599
+0.160 -0.390 +1.599
+0.160 -0.391 +1.599
+0.160 -0.391 +1.599
+0.160 -0.390 +1.599
+0.160 -0.392 +1.599
+0.161 -0.391 +1.599
+0.161 -0.391 +1.599
+0.160 -0.391 +1.599
+0.159 -0.392 +1.599
+0.161 -0.392 +1.598
+0.159 -0.390 +1.599
+0.159 -0.392 +1.599
+0.161 -0.390 +1.598
+0.160 -0.391 +1.599
+0.159 -0.392 +1.599
+0.161 -0.393 +1.599
+0.161 -0.391 +1.599
+0.161 -0.392 +1.599
+0.162 -0.393 +1.600
+0.160 -0.392 +1.599
+0.160 -0.391 +1.598
+0.160 -0.392 +1.598
+0.161 -0.391 +1.600
+0.160 -0.392 +1.599
+0.161 -0.391 +1.598
+0.160 -0.393 +1.599
+0.160 -0.392 +1.599
+0.161 -0.392 +1.599
+0.159 -0.391 +1.599
+0.159 -0.392 +1.599
+0.160 -0.392 +1.599
+0.160 -0.392 +1.599
+0.161 -0.392 +1.599
+0.161 -0.393 +1.599
+0.161 -0.392 +1.599
+0.161 -0.393 +1.599
+0.161 -0.392 +1.599
+0.161 -0.393 +1.600
+0.160 -0.392 +1.599
+0.160 -0.392 +1.599
+0.160 -0.392 +1.599
+0.160 -0.392 +1.598
+0.160 -0.393 +1.600
+0.161 -0.392 +1.599
+0.161 -0.392 +1.599
+0.161 -0.394 +1.599
+0.161 -0.393 +1.599
+0.162 -0.392 +1.600
+0.161 -0.392 +1.599
+0.160 -0.392 +1.600
+0.160 -0.393 +1.600
+0.160 -0.392 +1.599
+0.161 -0.393 +1.599
+0.160 -0.392 +1.599
+0.160 -0.392 +1.599
+0.160 -0.394 +1.599
+0.160 -0.393 +1.600
+0.160 -0.392 +1.599
+0.160 -0.392 +1.599
+0.161 -0.392 +1.599
+0.161 -0.394 +1.599
+0.161 -0.392 +1.599
+0.160 -0.393 +1.599
+0.161 -0.390 +1.603
+0.159 -0.388 +1.606
+0.159 -0.386 +1.612
+0.156 -0.379 +1.625
+0.153 -0.372 +1.643
+0.146 -0.360 +1.664
+0.137 -0.346 +1.681
+0.129 -0.334 +1.697
+0.123 -0.316 +1.711
+0.119 -0.300 +1.717
+0.122 -0.279 +1.716
+0.119 -0.260 +1.710
+0.117 -0.239 +1.703
+0.115 -0.218 +1.691
+0.117 -0.196 +1.677
+0.120 -0.173 +1.661
+0.118 -0.148 +1.641
+0.121 -0.124 +1.619
+0.129 -0.099 +1.594
+0.136 -0.075 +1.573
+0.138 -0.054 +1.550
+0.140 -0.033 +1.528
+0.147 -0.013 +1.505
+0.153 +0.009 +1.480
+0.162 +0.029 +1.455
+0.168 +0.048 +1.426
+0.177 +0.064 +1.396
+0.186 +0.082 +1.369
+0.197 +0.098 +1.342
+0.209 +0.116 +1.314
+0.219 +0.130 +1.286
+0.230 +0.144 +1.260
+0.242 +0.159 +1.231
+0.254 +0.169 +1.202
+0.266 +0.181 +1.172
+0.277 +0.192 +1.141
+0.288 +0.201 +1.110
+0.297 +0.208 +1.085
+0.311 +0.221 +1.057
+0.323 +0.228 +1.026
+0.336 +0.238 +0.998
+0.349 +0.245 +0.969
+0.361 +0.257 +0.944
+0.376 +0.261 +0.916
+0.388 +0.267 +0.887
+0.400 +0.271 +0.861
+0.411 +0.279 +0.838
+0.424 +0.282 +0.821
+0.433 +0.292 +0.811
+0.444 +0.300 +0.803
+0.452 +0.308 +0.801
+0.462 +0.319 +0.801
+0.470 +0.327 +0.806
+0.478 +0.340 +0.818
+0.484 +0.354 +0.830
+0.490 +0.363 +0.843
+0.496 +0.376 +0.862
+0.499 +0.392 +0.879
+0.505 +0.402 +0.902
+0.506 +0.417 +0.929
+0.508 +0.429 +0.958
+0.506 +0.443 +0.988
+0.506 +0.455 +1.020
+0.506 +0.467 +1.049
+0.504 +0.480 +1.078
+0.503 +0.491 +1.105
+0.499 +0.503 +1.132
+0.499 +0.512 +1.159
+0.499 +0.522 +1.187
+0.496 +0.531 +1.213
+0.493 +0.540 +1.238
+0.490 +0.552 +1.264
+0.486 +0.562 +1.292
+0.482 +0.571 +1.320
+0.478 +0.581 +1.349
+0.473 +0.591 +1.377
+0.468 +0.600 +1.405
+0.462 +0.609 +1.431
+0.458 +0.620 +1.461
+0.454 +0.628 +1.488
+0.447 +0.637 +1.516
+0.443 +0.647 +1.542
+0.435 +0.656 +1.570
+0.429 +0.665 +1.596
+0.421 +0.672 +1.623
+0.416 +0.680 +1.648
+0.409 +0.690 +1.675
+0.402 +0.696 +1.702
+0.394 +0.705 +1.730
+0.385 +0.715 +1.759
+0.377 +0.720 +1.787
+0.369 +0.727 +1.812
+0.359 +0.734 +1.839
+0.350 +0.740 +1.867
+0.341 +0.747 +1.897
+0.330 +0.752 +1.926
+0.319 +0.759 +1.954
+0.308 +0.764 +1.981
+0.299 +0.770 +2.010
+0.289 +0.776 +2.038
+0.279 +0.780 +2.066
+0.272 +0.784 +2.090
+0.263 +0.787 +2.115
+0.252 +0.791 +2.140
+0.241 +0.794 +2.165
+0.232 +0.799 +2.188
+0.223 +0.803 +2.209
+0.214 +0.808 +2.228
+0.205 +0.812 +2.245
+0.196 +0.817 +2.261
+0.187 +0.822 +2.276
+0.180 +0.825 +2.289
+0.167 +0.829 +2.301
+0.162 +0.834 +2.314
+0.153 +0.839 +2.325
+0.147 +0.841 +2.337
+0.138 +0.848 +2.345
+0.132 +0.850 +2.351
+0.125 +0.855 +2.354
+0.120 +0.859 +2.359
+0.114 +0.865 +2.362
+0.109 +0.869 +2.367
+0.103 +0.873 +2.370
+0.097 +0.876 +2.373
+0.092 +0.880 +2.375
+0.087 +0.882 +2.378
+0.082 +0.887 +2.381
+0.076 +0.891 +2.385
+0.071 +0.895 +2.390
+0.065 +0.899 +2.394
+0.060 +0.902 +2.399
+0.053 +0.907 +2.406
+0.048 +0.907 +2.412
+0.041 +0.910 +2.420
+0.036 +0.912 +2.431
+0.029 +0.912 +2.447
+0.018 +0.913 +2.463
+0.010 +0.914 +2.480
+0.001 +0.916 +2.498
-0.007 +0.918 +2.516
-0.017 +0.920 +2.536
-0.028 +0.919 +2.555
-0.037 +0.918 +2.576
-0.047 +0.917 +2.601
-0.057 +0.917 +2.627
-0.067 +0.915 +2.653
-0.079 +0.915 +2.676
-0.087 +0.910 +2.701
-0.099 +0.911 +2.730
-0.111 +0.909 +2.758
-0.122 +0.905 +2.786
-0.131 +0.902 +2.814
-0.143 +0.900 +2.842
-0.153 +0.895 +2.869
-0.161 +0.890 +2.893
-0.168 +0.886 +2.919
-0.182 +0.884 +2.947
-0.190 +0.877 +2.973
-0.201 +0.874 +3.002
-0.208 +0.868 +3.029
-0.217 +0.862 +3.056
-0.224 +0.858 +3.083
-0.233 +0.853 +3.108
-0.239 +0.846 +3.131
-0.246 +0.842 -3.129
-0.252 +0.836 -3.104
-0.258 +0.833 -3.079
-0.262 +0.829 -3.054
-0.268 +0.825 -3.028
-0.273 +0.817 -3.010
-0.277 +0.812 -2.991
-0.281 +0.806 -2.972
-0.285 +0.802 -2.951
-0.290 +0.796 -2.932
-0.294 +0.788 -2.913
-0.300 +0.783 -2.894
-0.306 +0.778 -2.875
-0.310 +0.770 -2.859
-0.316 +0.764 -2.841
-0.319 +0.759 -2.828
-0.324 +0.752 -2.813
-0.326 +0.750 -2.794
-0.329 +0.742 -2.778
-0.333 +0.734 -2.761
-0.338 +0.727 -2.745
-0.342 +0.721 -2.727
-0.347 +0.715 -2.711
-0.348 +0.710 -2.697
-0.354 +0.704 -2.679
-0.363 +0.698 -2.661
-0.364 +0.693 -2.642
-0.366 +0.682 -2.627
-0.371 +0.679 -2.609
-0.374 +0.670 -2.591
-0.378 +0.663 -2.571
-0.381 +0.656 -2.552
-0.384 +0.650 -2.531
-0.387 +0.644 -2.514
-0.391 +0.638 -2.497
-0.393 +0.629 -2.475
-0.394 +0.621 -2.456
-0.394 +0.615 -2.431
-0.399 +0.600 -2.414
-0.402 +0.590 -2.394
-0.404 +0.580 -2.372
-0.408 +0.573 -2.352
-0.408 +0.567 -2.332
-0.408 +0.557 -2.313
-0.410 +0.548 -2.291
-0.413 +0.546 -2.269
-0.410 +0.536 -2.249
-0.410 +0.526 -2.230
-0.408 +0.518 -2.208
-0.411 +0.512 -2.187
-0.411 +0.503 -2.168
-0.411 +0.489 -2.150
-0.410 +0.483 -2.130
-0.412 +0.473 -2.112
-0.411 +0.465 -2.092
-0.410 +0.456 -2.072
-0.410 +0.447 -2.051
-0.410 +0.440 -2.031
-0.408 +0.430 -2.012
-0.408 +0.422 -1.991
-0.406 +0.412 -1.971
-0.404 +0.404 -1.952
-0.403 +0.398 -1.929
-0.402 +0.390 -1.910
-0.398 +0.383 -1.892
-0.396 +0.373 -1.872
-0.394 +0.368 -1.853
-0.391 +0.357 -1.836
-0.389 +0.351 -1.816
-0.388 +0.342 -1.796
-0.384 +0.334 -1.777
-0.382 +0.331 -1.756
-0.379 +0.324 -1.737
-0.376 +0.316 -1.717
-0.372 +0.310 -1.697
-0.367 +0.304 -1.677
-0.363 +0.296 -1.656
-0.359 +0.288 -1.633
-0.355 +0.283 -1.613
-0.352 +0.278 -1.589
-0.349 +0.269 -1.568
-0.344 +0.265 -1.547
-0.338 +0.259 -1.527
-0.333 +0.250 -1.505
-0.327 +0.245 -1.487
-0.322 +0.241 -1.465
-0.317 +0.233 -1.442
-0.312 +0.229 -1.421
-0.304 +0.220 -1.399
-0.300 +0.215 -1.377
-0.294 +0.209 -1.356
-0.288 +0.203 -1.335
-0.281 +0.196 -1.313
-0.275 +0.190 -1.290
-0.267 +0.183 -1.269
-0.260 +0.179 -1.247
-0.254 +0.174 -1.226
-0.247 +0.168 -1.205
-0.239 +0.164 -1.185
-0.228 +0.157 -1.163
-0.222 +0.152 -1.143
-0.213 +0.147 -1.122
-0.207 +0.141 -1.102
-0.198 +0.138 -1.084
-0.189 +0.135 -1.064
-0.183 +0.129 -1.041
-0.173 +0.125 -1.024
-0.166 +0.123 -1.006
-0.157 +0.116 -0.988
-0.149 +0.112 -0.970
-0.142 +0.113 -0.951
-0.133 +0.107 -0.934
-0.126 +0.106 -0.914
-0.116 +0.102 -0.897
-0.110 +0.102 -0.880
-0.101 +0.093 -0.865
-0.095 +0.091 -0.848
-0.086 +0.088 -0.831
-0.080 +0.086 -0.813
-0.072 +0.083 -0.794
-0.066 +0.083 -0.776
-0.055 +0.082 -0.759
-0.050 +0.082 -0.742
-0.042 +0.083 -0.723
-0.036 +0.082 -0.706
-0.028 +0.078 -0.687
-0.021 +0.082 -0.669
-0.013 +0.080 -0.651
-0.007 +0.079 -0.634
+0.001 +0.082 -0.613
+0.009 +0.081 -0.592
+0.017 +0.082 -0.571
+0.025 +0.083 -0.549
+0.033 +0.084 -0.529
+0.039 +0.086 -0.509
+0.046 +0.087 -0.487
+0.056 +0.091 -0.467
+0.063 +0.091 -0.445
+0.072 +0.092 -0.421
+0.081 +0.097 -0.400
+0.089 +0.098 -0.377
+0.096 +0.102 -0.354
+0.105 +0.105 -0.331
+0.114 +0.107 -0.307
+0.123 +0.112 -0.285
+0.130 +0.114 -0.262
+0.138 +0.117 -0.239
+0.146 +0.120 -0.218
+0.155 +0.124 -0.196
+0.163 +0.128 -0.174
+0.171 +0.136 -0.152
+0.180 +0.140 -0.126
+0.188 +0.143 -0.100
+0.194 +0.149 -0.076
+0.203 +0.155 -0.051
+0.209 +0.159 -0.025
+0.219 +0.166 +0.001
+0.226 +0.171 +0.026
+0.233 +0.175 +0.051
+0.242 +0.180 +0.079
+0.247 +0.185 +0.104
+0.253 +0.192 +0.131
+0.254 +0.201 +0.155
+0.258 +0.208 +0.182
+0.262 +0.215 +0.211
+0.267 +0.224 +0.238
+0.275 +0.229 +0.267
+0.278 +0.236 +0.285
+0.281 +0.237 +0.298
+0.285 +0.242 +0.314
+0.285 +0.247 +0.328
+0.292 +0.250 +0.341
+0.296 +0.256 +0.350
+0.299 +0.261 +0.356
+0.305 +0.265 +0.362
+0.309 +0.265 +0.371
+0.313 +0.268 +0.377
+0.317 +0.274 +0.383
+0.322 +0.273 +0.389
+0.323 +0.278 +0.393
+0.329 +0.283 +0.399
+0.335 +0.285 +0.407
+0.336 +0.289 +0.413
+0.342 +0.293 +0.421
+0.346 +0.297 +0.429
+0.351 +0.300 +0.440
+0.357 +0.304 +0.452
+0.360 +0.309 +0.465
+0.364 +0.314 +0.482
+0.368 +0.325 +0.497
+0.374 +0.331 +0.515
+0.377 +0.336 +0.533
+0.381 +0.345 +0.555
+0.385 +0.353 +0.577
+0.391 +0.363 +0.600
+0.393 +0.371 +0.624
+0.397 +0.382 +0.648
+0.398 +0.389 +0.674
+0.404 +0.398 +0.701
+0.399 +0.409 +0.724
+0.403 +0.417 +0.752
+0.408 +0.429 +0.779
+0.406 +0.439 +0.806
+0.403 +0.449 +0.835
+0.405 +0.456 +0.863
+0.405 +0.468 +0.889
+0.404 +0.477 +0.916
+0.403 +0.488 +0.941
+0.404 +0.497 +0.967
+0.402 +0.506 +0.992
+0.403 +0.517 +1.017
+0.402 +0.527 +1.042
+0.398 +0.534 +1.067
+0.399 +0.543 +1.090
+0.398 +0.551 +1.110
+0.396 +0.559 +1.133
+0.393 +0.568 +1.153
+0.390 +0.574 +1.175
+0.388 +0.583 +1.194
+0.388 +0.590 +1.211
+0.386 +0.598 +1.230
+0.386 +0.605 +1.247
+0.384 +0.615 +1.261
+0.381 +0.623 +1.278
+0.379 +0.630 +1.295
+0.376 +0.637 +1.313
+0.375 +0.645 +1.329
+0.372 +0.652 +1.345
+0.369 +0.660 +1.360
+0.368 +0.666 +1.376
+0.366 +0.673 +1.392
+0.362 +0.681 +1.410
+0.359 +0.690 +1.427
+0.356 +0.698 +1.445
+0.354 +0.707 +1.460
+0.351 +0.715 +1.477
+0.348 +0.721 +1.492
+0.343 +0.728 +1.507
+0.340 +0.734 +1.524
+0.334 +0.743 +1.543
+0.329 +0.750 +1.562
+0.325 +0.756 +1.581
+0.320 +0.762 +1.600
+0.314 +0.767 +1.621
+0.309 +0.772 +1.641
+0.305 +0.779 +1.662
+0.298 +0.787 +1.682
+0.293 +0.796 +1.700
+0.288 +0.798 +1.722
+0.280 +0.808 +1.743
+0.273 +0.811 +1.765
+0.269 +0.815 +1.788
+0.262 +0.820 +1.809
+0.256 +0.822 +1.832
+0.248 +0.828 +1.854
+0.240 +0.832 +1.877
+0.234 +0.835 +1.902
+0.226 +0.841 +1.922
+0.220 +0.843 +1.943
+0.214 +0.849 +1.964
+0.204 +0.854 +1.987
+0.199 +0.859 +2.008
+0.193 +0.859 +2.031
+0.185 +0.866 +2.049
+0.176 +0.869 +2.072
+0.166 +0.873 +2.090
+0.161 +0.877 +2.109
+0.151 +0.880 +2.130
+0.142 +0.881 +2.151
+0.134 +0.882 +2.172
+0.126 +0.885 +2.194
+0.114 +0.886 +2.213
+0.110 +0.890 +2.233
+0.101 +0.894 +2.252
+0.092 +0.895 +2.273
+0.084 +0.895 +2.295
+0.072 +0.900 +2.316
+0.064 +0.902 +2.335
+0.059 +0.904 +2.354
+0.050 +0.903 +2.373
+0.043 +0.906 +2.394
+0.034 +0.906 +2.413
+0.025 +0.907 +2.430
+0.018 +0.908 +2.449
+0.010 +0.908 +2.467
+0.002 +0.909 +2.485
-0.008 +0.911 +2.504
-0.016 +0.911 +2.522
-0.023 +0.911 +2.540
-0.032 +0.912 +2.557
-0.039 +0.910 +2.574
-0.045 +0.911 +2.594
-0.053 +0.909 +2.613
-0.062 +0.909 +2.630
-0.071 +0.906 +2.649
-0.079 +0.905 +2.668
-0.086 +0.905 +2.684
-0.093 +0.904 +2.703
-0.102 +0.904 +2.723
-0.112 +0.904 +2.745
-0.121 +0.900 +2.763
-0.131 +0.898 +2.782
-0.136 +0.896 +2.801
-0.145 +0.894 +2.822
-0.157 +0.891 +2.844
-0.162 +0.887 +2.863
-0.173 +0.884 +2.882
-0.177 +0.882 +2.902
-0.182 +0.878 +2.920
-0.189 +0.876 +2.942
-0.201 +0.868 +2.964
-0.207 +0.867 +2.987
-0.214 +0.860 +3.009
-0.221 +0.859 +3.032
-0.226 +0.854 +3.052
-0.233 +0.852 +3.074
-0.235 +0.847 +3.094
-0.246 +0.843 +3.115
-0.249 +0.835 +3.137
-0.259 +0.831 -3.125
-0.260 +0.830 -3.099
-0.267 +0.824 -3.077
-0.272 +0.820 -3.056
-0.277 +0.813 -3.035
-0.283 +0.809 -3.013
-0.288 +0.805 -2.989
-0.294 +0.798 -2.968
-0.298 +0.793 -2.946
-0.304 +0.786 -2.926
-0.310 +0.779 -2.904
-0.317 +0.772 -2.883
-0.322 +0.765 -2.863
-0.326 +0.758 -2.843
-0.332 +0.752 -2.823
-0.336 +0.744 -2.802
-0.342 +0.739 -2.780
-0.343 +0.729 -2.758
-0.346 +0.721 -2.739
-0.352 +0.716 -2.715
-0.355 +0.707 -2.695
-0.360 +0.702 -2.673
-0.364 +0.696 -2.651
-0.365 +0.687 -2.633
-0.370 +0.679 -2.615
-0.373 +0.673 -2.594
-0.376 +0.664 -2.573
-0.380 +0.657 -2.554
-0.382 +0.650 -2.534
-0.387 +0.645 -2.516
-0.390 +0.637 -2.496
-0.389 +0.628 -2.477
-0.395 +0.620 -2.459
-0.398 +0.611 -2.441
-0.398 +0.603 -2.420
-0.401 +0.594 -2.401
-0.402 +0.590 -2.381
-0.403 +0.581 -2.361
-0.406 +0.576 -2.342
-0.406 +0.568 -2.325
-0.408 +0.560 -2.305
-0.410 +0.553 -2.287
-0.409 +0.545 -2.266
-0.413 +0.537 -2.247
-0.412 +0.527 -2.229
-0.412 +0.521 -2.211
-0.413 +0.514 -2.191
-0.413 +0.504 -2.172
-0.411 +0.496 -2.151
-0.413 +0.487 -2.131
-0.415 +0.478 -2.112
-0.411 +0.470 -2.090
-0.411 +0.461 -2.071
-0.408 +0.452 -2.050
-0.408 +0.444 -2.029
-0.409 +0.436 -2.007
-0.406 +0.428 -1.987
-0.407 +0.423 -1.963
-0.405 +0.413 -1.942
-0.399 +0.404 -1.921
-0.399 +0.397 -1.898
-0.396 +0.390 -1.878
-0.395 +0.382 -1.857
-0.391 +0.373 -1.836
-0.391 +0.364 -1.814
-0.388 +0.356 -1.794
-0.384 +0.349 -1.774
-0.383 +0.341 -1.753
-0.380 +0.335 -1.735
-0.376 +0.327 -1.715
-0.373 +0.319 -1.694
-0.371 +0.311 -1.675
-0.366 +0.304 -1.659
-0.363 +0.298 -1.640
-0.360 +0.292 -1.622
-0.355 +0.284 -1.600
-0.351 +0.280 -1.580
-0.347 +0.272 -1.561
-0.342 +0.265 -1.543
-0.337 +0.258 -1.526
-0.333 +0.250 -1.508
-0.328 +0.244 -1.489
-0.323 +0.235 -1.470
-0.316 +0.227 -1.450
-0.312 +0.220 -1.430
-0.307 +0.212 -1.411
-0.302 +0.204 -1.390
-0.294 +0.197 -1.371
-0.288 +0.192 -1.351
-0.282 +0.185 -1.331
-0.276 +0.180 -1.310
-0.267 +0.173 -1.294
-0.263 +0.168 -1.273
-0.256 +0.163 -1.251
-0.249 +0.156 -1.230
-0.242 +0.151 -1.211
-0.233 +0.147 -1.194
-0.227 +0.140 -1.172
-0.221 +0.138 -1.151
-0.211 +0.134 -1.131
-0.205 +0.129 -1.110
-0.197 +0.126 -1.090
-0.190 +0.122 -1.070
-0.182 +0.118 -1.050
-0.174 +0.114 -1.028
-0.166 +0.108 -1.007
-0.158 +0.105 -0.986
-0.150 +0.105 -0.965
-0.142 +0.101 -0.945
-0.134 +0.099 -0.924
-0.127 +0.097 -0.901
-0.119 +0.096 -0.881
-0.111 +0.094 -0.859
-0.103 +0.092 -0.839
-0.097 +0.092 -0.818
-0.090 +0.091 -0.797
-0.079 +0.092 -0.775
-0.071 +0.089 -0.752
-0.064 +0.089 -0.730
-0.054 +0.093 -0.710
-0.047 +0.091 -0.690
-0.039 +0.091 -0.667
-0.032 +0.092 -0.647
-0.023 +0.094 -0.627
-0.015 +0.094 -0.605
-0.007 +0.093 -0.583
+0.003 +0.093 -0.563
+0.010 +0.095 -0.541
+0.019 +0.095 -0.521
+0.027 +0.099 -0.502
+0.036 +0.100 -0.483
+0.045 +0.102 -0.465
+0.054 +0.101 -0.446
+0.061 +0.102 -0.427
+0.071 +0.103 -0.409
+0.078 +0.105 -0.390
+0.086 +0.107 -0.369
+0.094 +0.110 -0.351
+0.101 +0.114 -0.334
